1 3
2 3
3 3
4 3
5 3
6 3
7 3
8 3
9 3
10 4
11 4
12 4
13 4
14 4
15 4
16 4
17 2
18 2
19 2
20 2
21 2
22 2
23 2
24 2
25 2
26 2
27 2
28 2
29 2
30 2
31 2
32 2
33 2
34 2
35 2
36 2
37 2
38 2
39 2
40 2
41 2
42 2
43 2
44 2
45 2
46 2
47 2
48 2
49 2
50 2
51 2
52 2
53 2
54 2
55 2
56 2
57 2
58 2
59 2
60 2
61 2
62 2
63 2
64 2
65 2
66 2
67 2
68 2
69 2
70 2
71 2
72 2
73 2
74 2
75 2
76 2
77 2
78 2
79 2
80 2
81 2
82 2
83 2
84 2
85 2
86 2
87 2
88 2
89 2
90 2
91 2
92 2
93 2
94 2
95 2
96 2
97 2
98 2
99 2
100 2
101 2
102 2
103 2
104 2
105 2
106 2
107 2
108 2
109 2
110 2
111 2
112 2
113 2
114 2
115 2
116 2
117 2
118 2
119 2
120 2
121 2
122 2
123 2
124 2
125 2
126 2
127 2
128 2
129 2
130 2
131 2
132 2
133 2
134 2
135 2
136 2
137 2
138 2
139 2
140 2
141 2
142 2
143 2
144 2
145 2
146 2
147 2
148 2
149 2
150 2
151 2
152 2
153 2
154 2
155 2
156 2
157 2
158 2
159 2
160 2
161 2
162 2
163 2
164 2
165 2
166 2
167 2
168 2
169 2
170 2
171 2
172 2
173 2
174 2
175 2
176 2
177 2
178 2
179 2
180 2
181 2
182 2
183 2
184 2
185 2
186 2
187 2
188 2
189 2
190 2
191 2
192 2
193 2
194 2
195 2
196 2
197 2
198 2
199 2
200 2
201 2
202 2
203 2
204 2
205 2
206 2
207 2
208 2
209 2
210 2
211 2
212 2
213 2
214 2
215 2
216 2
217 2
218 2
219 2
220 2
221 2
222 2
223 2
224 2
225 2
226 2
227 2
228 2
229 2
230 2
231 2
232 2
233 2
234 2
235 2
236 2
237 2
238 2
239 2
240 2
241 2
242 2
243 2
244 2
245 2
246 2
247 2
248 2
249 2
250 2
251 2
252 2
253 2
254 2
255 2
256 2
257 2
258 2
259 2
260 2
261 2
262 2
263 2
264 2
265 2
266 2
267 2
268 2
269 2
270 2
271 2
272 2
273 2
274 2
275 2
276 2
277 2
278 2
279 2
280 2
281 2
282 2
283 2
284 2
285 2
286 2
287 2
288 2
289 2
290 2
291 2
292 2
293 2
294 2
295 2
296 2
297 2
298 2
299 2
300 2
301 2
302 2
303 2
304 2
305 2
306 2
307 2
308 2
309 2
310 2
311 2
312 2
313 2
314 2
315 2
316 3
317 3
318 3
319 3
320 3
321 3
322 3
323 3
324 3
325 3
326 3
327 3
328 3
329 3
330 3
331 3
332 3
333 3
334 3
335 3
336 3
337 3
338 3
339 3
340 3
341 3
342 3
343 3
344 3
345 3
346 3
347 3
348 3
349 3
350 3
351 3
352 3
353 3
354 3
355 3
356 3
357 3
358 3
359 3
360 3
361 3
362 3
363 3
364 3
365 3
366 3
367 3
368 3
369 3
370 3
371 3
372 3
373 3
374 3
375 3
376 3
377 3
378 3
379 3
380 3
381 3
382 3
383 3
384 3
385 3
386 3
387 3
388 3
389 3
390 3
391 3
392 3
393 3
394 3
395 3
396 3
397 3
398 3
399 3
400 3
401 3
402 3
403 3
404 3
405 3
406 3
407 3
408 3
409 3
410 3
411 3
412 3
413 3
414 3
415 3
416 3
417 3
418 3
419 3
420 3
421 3
422 3
423 3
424 3
425 3
426 3
427 3
428 3
429 3
430 3
431 3
432 3
433 3
434 3
435 3
436 3
437 3
438 3
439 3
440 3
441 3
442 3
443 3
444 3
445 3
446 3
447 3
448 3
449 3
450 3
451 3
452 3
453 3
454 3
455 3
456 3
457 3
458 3
459 3
460 3
461 3
462 3
463 3
464 3
465 3
466 3
467 3
468 3
469 3
470 3
471 3
472 3
473 3
474 3
475 3
476 3
477 3
478 3
479 3
480 3
481 3
482 3
483 3
484 3
485 3
486 3
487 3
488 3
489 3
490 3
491 3
492 3
493 3
494 3
495 3
496 3
497 3
498 3
499 3
500 3
501 3
502 3
503 3
504 3
505 3
506 3
507 3
508 3
509 3
510 3
511 3
512 3
513 3
514 3
515 3
516 3
517 3
518 3
519 3
520 3
521 3
522 3
523 3
524 3
525 3
526 3
527 3
528 3
529 3
530 3
531 3
532 3
533 3
534 3
535 3
536 3
537 3
538 3
539 3
540 3
541 3
542 3
543 3
544 3
545 3
546 3
547 3
548 3
549 3
550 3
551 3
552 3
553 3
554 3
555 3
556 3
557 3
558 3
559 3
560 3
561 3
562 3
563 3
564 3
565 3
566 3
567 3
568 3
569 3
570 3
571 3
572 3
573 3
574 3
575 3
576 3
577 3
578 3
579 3
580 3
581 3
582 3
583 3
584 3
585 3
586 3
587 3
588 3
589 3
590 3
591 3
592 3
593 3
594 3
595 3
596 3
597 3
598 3
599 3
600 3
601 3
602 3
603 3
604 3
605 3
606 3
607 3
608 3
609 3
610 3
611 3
612 3
613 3
614 3
615 3
616 3
617 3
618 3
619 3
620 3
621 3
622 3
623 3
624 3
625 3
626 3
627 3
628 3
629 3
630 3
631 3
632 3
633 3
634 3
635 3
636 3
637 3
638 3
639 3
640 3
641 3
642 3
643 3
644 3
645 3
646 3
647 3
648 3
649 3
650 3
651 3
652 3
653 3
654 3
655 3
656 3
657 3
658 3
659 3
660 3
661 3
662 3
663 3
664 3
665 3
666 3
667 3
668 3
669 3
670 3
671 3
672 3
673 3
674 3
675 3
676 3
677 3
678 3
679 3
680 3
681 3
682 3
683 3
684 3
685 3
686 3
687 3
688 3
689 3
690 3
691 3
692 3
693 3
694 3
695 3
696 3
697 3
698 3
699 3
700 3
701 3
702 3
703 3
704 3
705 3
706 3
707 3
708 3
709 3
710 3
711 3
712 3
713 3
714 3
715 3
716 3
717 3
718 3
719 3
720 3
721 3
722 3
723 3
724 3
725 3
726 3
727 3
728 3
729 3
730 3
731 3
732 3
733 3
734 3
735 3
736 2
737 2
738 2
739 2
740 2
741 2
742 2
743 2
744 2
745 2
746 2
747 2
748 2
749 2
750 2
751 2
752 3
753 3
754 3
755 3
756 2
757 3
758 3
759 3
760 3
761 3
762 3
763 3
764 3
765 4
766 4
767 4
768 4
769 4
770 4
771 4
772 4
773 4
774 4
775 4
776 4
777 4
778 4
779 3
780 3
781 3
782 3
783 3
784 3
785 3
786 3
787 3
788 3
789 3
790 3
791 3
792 3
793 3
794 3
795 3
796 3
797 3
798 3
799 3
800 3
801 4
802 4
803 4
804 4
805 4
806 4
807 4
808 4
809 4
810 4
811 4
812 4
813 4
814 4
815 4
816 4
817 4
818 4
819 4
820 4
821 4
822 4
823 3
824 3
825 3
826 3
827 3
828 3
829 4
830 4
831 4
832 4
833 4
834 4
835 4
836 4
837 4
838 4
839 4
840 4
841 4
842 4
843 4
844 4
845 4
846 4
847 4
848 3
849 3
850 3
851 3
852 3
853 3
854 3
855 3
856 3
857 3
858 3
859 3
860 3
861 3
862 3
863 3
864 4
865 4
866 4
867 4
868 4
869 4
870 4
871 4
872 4
873 4
874 4
875 4
876 4
877 3
878 3
879 3
880 3
881 3
882 3
883 2
884 2
885 2
886 2
887 2
888 2
889 2
890 2
891 2
892 2
893 2
894 2
895 2
896 2
897 2
898 2
899 2
900 2
901 2
902 2
903 2
904 2
905 2
906 2
907 2
908 2
909 2
910 2
911 2
912 2
913 2
914 2
915 2
916 2
917 2
918 2
919 2
920 2
921 2
922 2
923 2
924 2
925 2
926 2
927 2
928 2
929 2
930 2
931 2
932 2
933 2
934 2
935 2
936 2
937 2
938 2
939 2
940 2
941 2
942 2
943 2
944 2
945 2
946 2
947 2
948 2
949 2
950 2
951 2
952 2
953 2
954 2
955 2
956 2
957 2
958 2
959 2
960 2
961 2
962 2
963 2
964 2
965 2
966 2
967 2
968 2
969 2
970 2
971 2
972 2
973 2
974 2
975 2
976 2
977 2
978 2
979 2
980 2
981 2
982 2
983 2
984 2
985 2
986 2
987 2
988 2
989 2
990 2
991 2
992 2
993 2
994 2
995 2
996 2
997 2
998 2
999 2
1000 2
1001 2
1002 2
1003 2
1004 2
1005 2
1006 2
1007 2
1008 2
1009 2
1010 2
1011 2
1012 2
1013 2
1014 2
1015 2
1016 2
1017 2
1018 2
1019 2
1020 2
1021 2
1022 2
1023 2
1024 2
1025 2
1026 2
1027 2
1028 2
1029 2
1030 2
1031 2
1032 2
1033 2
1034 2
1035 2
1036 2
1037 2
1038 2
1039 2
1040 2
1041 2
1042 2
1043 2
1044 2
1045 2
1046 2
1047 2
1048 2
1049 2
1050 2
1051 2
1052 2
1053 2
1054 2
1055 2
1056 2
1057 2
1058 2
1059 2
1060 2
1061 2
1062 2
1063 2
1064 2
1065 2
1066 2
1067 2
1068 2
1069 2
1070 2
1071 2
1072 2
1073 2
1074 2
1075 2
1076 2
1077 2
1078 2
1079 2
1080 2
1081 2
1082 2
1083 2
1084 2
1085 2
1086 2
1087 2
1088 2
1089 2
1090 2
1091 2
1092 2
1093 2
1094 2
1095 2
1096 2
1097 2
1098 2
1099 2
1100 2
1101 2
1102 2
1103 2
1104 2
1105 2
1106 2
1107 2
1108 2
1109 2
1110 2
1111 2
1112 2
1113 2
1114 2
1115 2
1116 2
1117 2
1118 2
1119 2
1120 2
1121 2
1122 2
1123 2
1124 2
1125 2
1126 2
1127 2
1128 2
1129 2
1130 2
1131 2
1132 2
1133 2
1134 2
1135 2
1136 2
1137 2
1138 2
1139 2
1140 2
1141 2
1142 2
1143 2
1144 2
1145 2
1146 2
1147 2
1148 2
1149 2
1150 2
1151 2
1152 2
1153 2
1154 2
1155 2
1156 2
1157 2
1158 2
1159 2
1160 2
1161 2
1162 2
1163 2
1164 2
1165 2
1166 2
1167 2
1168 2
1169 2
1170 2
1171 2
1172 2
1173 2
1174 2
1175 2
1176 2
1177 2
1178 2
1179 2
1180 2
1181 2
1182 2
1183 2
1184 2
1185 2
1186 2
1187 2
1188 2
1189 2
1190 2
1191 2
1192 2
1193 2
1194 2
1195 2
1196 2
1197 2
1198 2
1199 2
1200 2
1201 2
1202 2
1203 2
1204 2
1205 2
1206 2
1207 2
1208 2
1209 2
1210 2
1211 2
1212 2
1213 2
1214 2
1215 2
1216 2
1217 2
1218 2
1219 2
1220 2
1221 2
1222 2
1223 2
1224 2
1225 2
1226 2
1227 2
1228 2
1229 2
1230 2
1231 2
1232 2
1233 2
1234 2
1235 2
1236 2
1237 2
1238 2
1239 2
1240 2
1241 2
1242 2
1243 2
1244 2
1245 2
1246 2
1247 2
1248 2
1249 2
1250 2
1251 2
1252 2
1253 2
1254 2
1255 2
1256 2
1257 2
1258 2
1259 2
1260 2
1261 2
1262 2
1263 2
1264 2
1265 2
1266 2
1267 2
1268 2
1269 2
1270 2
1271 2
1272 2
1273 2
1274 2
1275 2
1276 2
1277 2
1278 2
1279 2
1280 2
1281 2
1282 2
1283 2
1284 2
1285 2
1286 2
1287 2
1288 2
1289 2
1290 2
1291 2
1292 2
1293 2
1294 2
1295 2
1296 2
1297 2
1298 2
1299 2
1300 2
1301 2
1302 2
1303 2
1304 2
1305 2
1306 2
1307 2
1308 2
1309 2
1310 2
1311 2
1312 2
1313 2
1314 2
1315 2
1316 2
1317 2
1318 2
1319 2
1320 2
1321 2
1322 2
1323 2
1324 2
1325 2
1326 2
1327 2
1328 2
1329 2
1330 2
1331 2
1332 2
1333 2
1334 2
1335 2
1336 2
1337 2
1338 2
1339 2
1340 2
1341 2
1342 2
1343 2
1344 2
1345 2
1346 2
1347 2
1348 2
1349 2
1350 2
1351 2
1352 2
1353 2
1354 2
1355 2
1356 2
1357 2
1358 2
1359 2
1360 2
1361 2
1362 2
1363 2
1364 2
1365 2
1366 2
1367 2
1368 2
1369 2
1370 2
1371 2
1372 2
1373 2
1374 2
1375 2
1376 2
1377 2
1378 2
1379 2
1380 2
1381 2
1382 2
1383 2
1384 2
1385 2
1386 2
1387 2
1388 2
1389 2
1390 2
1391 2
1392 2
1393 2
1394 2
1395 2
1396 2
1397 2
1398 2
1399 2
1400 2
1401 2
1402 2
1403 2
1404 2
1405 2
1406 2
1407 2
1408 2
1409 2
1410 2
1411 2
1412 2
1413 2
1414 2
1415 2
1416 2
1417 2
1418 2
1419 2
1420 2
1421 2
1422 2
1423 2
1424 2
1425 2
1426 2
1427 2
1428 2
1429 2
1430 2
1431 2
1432 2
1433 2
1434 2
1435 2
1436 2
1437 2
1438 2
1439 2
1440 2
1441 2
1442 2
1443 2
1444 2
1445 2
1446 2
1447 2
1448 2
1449 2
1450 2
1451 2
1452 2
1453 2
1454 2
1455 2
1456 2
1457 2
1458 2
1459 2
1460 2
1461 2
1462 2
1463 2
1464 2
1465 2
1466 2
1467 2
1468 2
1469 2
1470 2
1471 2
1472 2
1473 2
1474 2
1475 2
1476 2
1477 2
1478 2
1479 2
1480 2
1481 2
1482 2
1483 2
1484 2
1485 2
1486 2
1487 2
1488 2
1489 2
1490 2
1491 2
1492 2
1493 2
1494 2
1495 2
1496 2
1497 2
1498 2
1499 2
1500 2
1501 2
1502 2
1503 2
1504 2
1505 2
1506 2
1507 2
1508 2
1509 2
1510 2
1511 2
1512 2
1513 2
1514 2
1515 2
1516 2
1517 2
1518 2
1519 2
1520 2
1521 2
1522 2
1523 2
1524 2
1525 2
1526 2
1527 2
1528 2
1529 2
1530 2
1531 2
1532 2
1533 2
1534 2
1535 2
1536 2
1537 2
1538 2
1539 2
1540 2
1541 2
1542 2
1543 2
1544 2
1545 2
1546 2
1547 2
1548 2
1549 2
1550 2
1551 2
1552 2
1553 2
1554 2
1555 2
1556 2
1557 2
1558 2
1559 2
1560 2
1561 2
1562 2
1563 2
1564 2
1565 2
1566 2
1567 2
1568 2
1569 2
1570 2
1571 2
1572 2
1573 2
1574 2
1575 2
1576 2
1577 2
1578 2
1579 2
1580 2
1581 2
1582 2
1583 2
1584 2
1585 2
1586 2
1587 2
1588 2
1589 2
1590 2
1591 2
1592 2
1593 2
1594 2
1595 2
1596 2
1597 2
1598 2
1599 2
1600 2
1601 2
1602 2
1603 2
1604 2
1605 2
1606 2
1607 2
1608 2
1609 2
1610 2
1611 2
1612 2
1613 2
1614 2
1615 2
1616 2
1617 2
1618 3
1619 3
1620 3
1621 3
1622 3
1623 3
1624 3
1625 3
1626 3
1627 3
1628 3
1629 3
1630 3
1631 3
1632 3
1633 3
1634 2
1635 2
1636 2
1637 2
1638 2
1639 2
1640 2
1641 2
1642 2
1643 2
1644 2
1645 2
1646 2
1647 2
1648 2
1649 2
1650 2
1651 2
1652 2
1653 2
1654 2
1655 2
1656 2
1657 2
1658 2
1659 2
1660 2
1661 2
1662 2
1663 2
1664 2
1665 2
1666 2
1667 2
1668 2
1669 2
1670 2
1671 2
1672 2
1673 2
1674 2
1675 2
1676 2
1677 2
1678 2
1679 2
1680 2
1681 2
1682 2
1683 2
1684 2
1685 2
1686 2
1687 2
1688 2
1689 2
1690 2
1691 2
1692 2
1693 2
1694 2
1695 2
1696 2
1697 2
1698 2
1699 2
1700 2
1701 2
1702 2
1703 2
1704 2
1705 2
1706 2
1707 2
1708 2
1709 2
1710 2
1711 2
1712 2
1713 2
1714 2
1715 2
1716 2
1717 2
1718 2
1719 2
1720 2
1721 2
1722 2
1723 2
1724 2
1725 2
1726 2
1727 2
1728 2
1729 2
1730 2
1731 2
1732 2
1733 2
1734 2
1735 2
1736 2
1737 2
1738 2
1739 2
1740 2
1741 2
1742 2
1743 2
1744 2
1745 2
1746 2
1747 2
1748 2
1749 2
1750 2
1751 2
1752 2
1753 2
1754 2
1755 2
1756 2
1757 2
1758 2
1759 2
1760 2
1761 2
1762 2
1763 2
1764 2
1765 3
1766 3
1767 3
1768 3
1769 3
1770 3
1771 3
1772 3
1773 3
1774 3
1775 3
1776 3
1777 3
1778 3
1779 3
1780 3
1781 3
1782 3
1783 3
1784 3
1785 3
1786 3
1787 3
1788 3
1789 3
1790 3
1791 3
1792 3
1793 3
1794 3
1795 3
1796 3
1797 3
1798 3
1799 3
1800 3
1801 3
1802 3
1803 3
1804 3
1805 3
1806 3
1807 3
1808 3
1809 3
1810 3
1811 3
1812 3
1813 3
1814 3
1815 3
1816 3
1817 3
1818 3
1819 3
1820 3
1821 3
1822 3
1823 3
1824 3
1825 3
1826 3
1827 3
1828 3
1829 3
1830 3
1831 3
1832 3
1833 3
1834 3
1835 3
1836 3
1837 3
1838 3
1839 3
1840 3
1841 3
1842 3
1843 3
1844 3
1845 3
1846 3
1847 3
1848 3
1849 3
1850 3
1851 3
1852 3
1853 3
1854 3
1855 3
1856 3
1857 3
1858 3
1859 3
1860 3
1861 3
1862 3
1863 3
1864 3
1865 3
1866 3
1867 3
1868 3
1869 3
1870 3
1871 3
1872 3
1873 3
1874 3
1875 3
1876 3
1877 3
1878 3
1879 3
1880 3
1881 3
1882 3
1883 3
1884 3
1885 3
1886 3
1887 3
1888 3
1889 3
1890 3
1891 3
1892 3
1893 3
1894 3
1895 3
1896 3
1897 3
1898 3
1899 3
1900 3
1901 3
1902 3
1903 3
1904 3
1905 3
1906 3
1907 3
1908 3
1909 3
1910 3
1911 3
1912 7
1913 7
1914 7
1915 7
1916 7
1917 7
1918 7
1919 3
1920 3
1921 3
1922 3
1923 3
1924 3
1925 3
1926 3
1927 3
1928 3
1929 3
1930 3
1931 3
1932 3
1933 3
1934 3
1935 3
1936 3
1937 3
1938 3
1939 3
1940 3
1941 3
1942 3
1943 3
1944 3
1945 3
1946 3
1947 3
1948 3
1949 3
1950 3
1951 3
1952 3
1953 3
1954 3
1955 3
1956 3
1957 3
1958 3
1959 3
1960 3
1961 3
1962 3
1963 3
1964 3
1965 3
1966 3
1967 3
1968 3
1969 3
1970 3
1971 3
1972 3
1973 3
1974 3
1975 3
1976 3
1977 3
1978 3
1979 3
1980 3
1981 3
1982 3
1983 3
1984 3
1985 3
1986 3
1987 3
1988 3
1989 3
1990 3
1991 3
1992 3
1993 3
1994 3
1995 3
1996 3
1997 3
1998 3
1999 3
2000 3
2001 3
2002 3
2003 3
2004 3
2005 3
2006 3
2007 3
2008 3
2009 3
2010 3
2011 3
2012 3
2013 3
2014 3
2015 3
2016 3
2017 3
2018 3
2019 3
2020 3
2021 3
2022 3
2023 3
2024 3
2025 3
2026 3
2027 3
2028 3
2029 3
2030 3
2031 3
2032 3
2033 3
2034 3
2035 3
2036 3
2037 3
2038 3
2039 3
2040 3
2041 3
2042 3
2043 3
2044 3
2045 3
2046 3
2047 3
2048 3
2049 3
2050 3
2051 3
2052 3
2053 3
2054 3
2055 3
2056 3
2057 3
2058 3
2059 3
2060 3
2061 3
2062 3
2063 3
2064 3
2065 3
2066 3
2067 3
2068 3
2069 3
2070 3
2071 3
2072 3
2073 3
2074 3
2075 3
2076 3
2077 3
2078 3
2079 3
2080 3
2081 3
2082 3
2083 3
2084 3
2085 3
2086 3
2087 3
2088 3
2089 3
2090 3
2091 3
2092 3
2093 3
2094 3
2095 3
2096 3
2097 3
2098 3
2099 3
2100 3
2101 3
2102 3
2103 3
2104 3
2105 3
2106 3
2107 3
2108 3
2109 3
2110 3
2111 3
2112 3
2113 3
2114 3
2115 3
2116 3
2117 3
2118 3
2119 3
2120 3
2121 3
2122 3
2123 3
2124 3
2125 3
2126 3
2127 3
2128 3
2129 3
2130 3
2131 3
2132 3
2133 3
2134 3
2135 3
2136 3
2137 3
2138 3
2139 3
2140 3
2141 3
2142 3
2143 3
2144 3
2145 3
2146 3
2147 3
2148 7
2149 3
2150 3
2151 3
2152 3
2153 3
2154 3
2155 3
2156 3
2157 3
2158 3
2159 3
2160 3
2161 3
2162 3
2163 3
2164 3
2165 3
2166 3
2167 3
2168 3
2169 3
2170 3
2171 3
2172 3
2173 7
2174 7
2175 7
2176 7
2177 3
2178 7
2179 3
2180 3
2181 3
2182 3
2183 3
2184 3
2185 3
2186 3
2187 3
2188 3
2189 3
2190 3
2191 3
2192 3
2193 3
2194 3
2195 3
2196 3
2197 3
2198 3
2199 3
2200 3
2201 3
2202 3
2203 3
2204 3
2205 3
2206 3
2207 3
2208 3
2209 3
2210 3
2211 3
2212 3
2213 3
2214 3
2215 3
2216 3
2217 3
2218 3
2219 3
2220 3
2221 3
2222 3
2223 3
2224 3
2225 3
2226 3
2227 3
2228 3
2229 3
2230 3
2231 3
2232 3
2233 3
2234 3
2235 3
2236 3
2237 3
2238 3
2239 3
2240 3
2241 3
2242 3
2243 3
2244 3
2245 3
2246 3
2247 3
2248 3
2249 3
2250 3
2251 3
2252 3
2253 3
2254 3
2255 3
2256 3
2257 3
2258 3
2259 3
2260 3
2261 3
2262 3
2263 3
2264 3
2265 3
2266 3
2267 3
2268 3
2269 3
2270 3
2271 3
2272 3
2273 3
2274 3
2275 3
2276 3
2277 3
2278 3
2279 3
2280 3
2281 3
2282 3
2283 3
2284 3
2285 3
2286 3
2287 3
2288 3
2289 3
2290 3
2291 3
2292 3
2293 3
2294 3
2295 3
2296 3
2297 3
2298 3
2299 3
2300 3
2301 3
2302 3
2303 3
2304 3
2305 3
2306 3
2307 3
2308 3
2309 3
2310 3
2311 3
2312 3
2313 3
2314 3
2315 3
2316 3
2317 3
2318 3
2319 3
2320 3
2321 3
2322 3
2323 3
2324 3
2325 3
2326 3
2327 3
2328 3
2329 3
2330 3
2331 3
2332 3
2333 3
2334 3
2335 3
2336 3
2337 3
2338 3
2339 3
2340 3
2341 3
2342 3
2343 3
2344 3
2345 3
2346 3
2347 3
2348 3
2349 3
2350 3
2351 3
2352 3
2353 4
2354 4
2355 4
2356 4
2357 4
2358 4
2359 4
2360 4
2361 4
2362 4
2363 4
2364 4
2365 4
2366 4
2367 4
2368 4
2369 4
2370 4
2371 4
2372 4
2373 4
2374 4
2375 4
2376 3
2377 3
2378 3
2379 3
2380 3
2381 3
2382 3
2383 3
2384 3
2385 3
2386 3
2387 3
2388 3
2389 3
2390 3
2391 3
2392 3
2393 3
2394 3
2395 3
2396 3
2397 3
2398 3
2399 3
2400 3
2401 3
2402 4
2403 4
2404 4
2405 4
2406 4
2407 4
2408 4
2409 4
2410 3
2411 3
2412 3
2413 3
2414 3
2415 3
2416 3
2417 3
2418 3
2419 3
2420 3
2421 3
2422 3
2423 3
2424 3
2425 3
2426 3
2427 3
2428 3
2429 3
2430 3
2431 3
2432 3
2433 3
2434 3
2435 3
2436 3
2437 3
2438 3
2439 3
2440 3
2441 3
2442 3
2443 3
2444 3
2445 3
2446 3
2447 3
2448 3
2449 3
2450 3
2451 3
2452 3
2453 3
2454 3
2455 3
2456 3
2457 3
2458 3
2459 3
2460 3
2461 3
2462 3
2463 3
2464 3
2465 3
2466 3
2467 3
2468 3
2469 3
2470 3
2471 3
2472 3
2473 3
2474 3
2475 3
2476 3
2477 3
2478 3
2479 3
2480 3
2481 3
2482 3
2483 3
2484 3
2485 3
2486 3
2487 3
2488 3
2489 3
2490 3
2491 3
2492 3
2493 3
2494 3
2495 3
2496 3
2497 3
2498 3
2499 3
2500 3
2501 3
2502 3
2503 3
2504 3
2505 3
2506 3
2507 3
2508 3
2509 3
2510 3
2511 3
2512 3
2513 3
2514 3
2515 3
2516 4
2517 4
2518 4
2519 4
2520 4
2521 4
2522 4
2523 4
2524 4
2525 4
2526 4
2527 4
2528 4
2529 4
2530 4
2531 4
2532 4
2533 4
2534 4
2535 4
2536 4
2537 4
2538 4
2539 4
2540 4
2541 4
2542 4
2543 4
2544 4
2545 4
2546 4
2547 4
2548 4
2549 4
2550 4
2551 4
2552 4
2553 4
2554 4
2555 4
2556 4
2557 4
2558 4
2559 4
2560 4
2561 4
2562 4
2563 4
2564 4
2565 4
2566 4
2567 4
2568 4
2569 4
2570 4
2571 4
2572 4
2573 4
2574 4
2575 4
2576 4
2577 4
2578 4
2579 4
2580 4
2581 4
2582 4
2583 4
2584 4
2585 4
2586 4
2587 4
2588 4
2589 4
2590 4
2591 4
2592 4
2593 4
2594 4
2595 4
2596 4
2597 4
2598 4
2599 4
2600 4
2601 4
2602 4
2603 4
2604 4
2605 4
2606 4
2607 4
2608 4
2609 4
2610 4
2611 4
2612 4
2613 4
2614 4
2615 4
2616 4
2617 4
2618 4
2619 4
2620 4
2621 4
2622 4
2623 4
2624 4
2625 4
2626 4
2627 4
2628 4
2629 4
2630 4
2631 4
2632 4
2633 4
2634 4
2635 4
2636 4
2637 4
2638 4
2639 4
2640 4
2641 4
2642 4
2643 4
2644 4
2645 4
2646 4
2647 4
2648 4
2649 4
2650 4
2651 4
2652 4
2653 4
2654 4
2655 4
2656 4
2657 4
2658 4
2659 4
2660 4
2661 4
2662 4
2663 4
2664 4
2665 4
2666 4
2667 4
2668 4
2669 4
2670 4
2671 4
2672 4
2673 4
2674 4
2675 4
2676 4
2677 4
2678 4
2679 4
2680 4
2681 4
2682 4
2683 4
2684 4
2685 4
2686 4
2687 4
2688 4
2689 4
2690 4
2691 4
2692 4
2693 4
2694 4
2695 4
2696 4
2697 4
2698 4
2699 4
2700 4
2701 4
2702 4
2703 4
2704 4
2705 4
2706 4
2707 4
2708 4
2709 4
2710 4
2711 4
2712 4
2713 4
2714 4
2715 4
2716 4
2717 4
2718 4
2719 4
2720 4
2721 4
2722 4
2723 4
2724 4
2725 4
2726 4
2727 4
2728 4
2729 4
2730 4
2731 4
2732 4
2733 4
2734 4
2735 4
2736 4
2737 4
2738 4
2739 4
2740 4
2741 4
2742 4
2743 4
2744 4
2745 4
2746 4
2747 4
2748 4
2749 4
2750 4
2751 4
2752 4
2753 4
2754 4
2755 4
2756 4
2757 4
2758 4
2759 4
2760 4
2761 4
2762 4
2763 4
2764 4
2765 4
2766 4
2767 4
2768 4
2769 4
2770 4
2771 4
2772 4
2773 4
2774 4
2775 4
2776 4
2777 4
2778 4
2779 4
2780 4
2781 4
2782 4
2783 4
2784 4
2785 4
2786 4
2787 4
2788 4
2789 4
2790 4
2791 4
2792 4
2793 4
2794 4
2795 4
2796 4
2797 4
2798 4
2799 4
2800 4
2801 4
2802 4
2803 4
2804 4
2805 4
2806 4
2807 4
2808 4
2809 4
2810 4
2811 4
2812 4
2813 4
2814 4
2815 4
2816 4
2817 4
2818 4
2819 4
2820 4
2821 4
2822 4
2823 4
2824 4
2825 4
2826 4
2827 4
2828 4
2829 4
2830 4
2831 4
2832 4
2833 4
2834 4
2835 4
2836 4
2837 4
2838 4
2839 4
2840 4
2841 4
2842 4
2843 4
2844 4
2845 4
2846 4
2847 4
2848 4
2849 4
2850 4
2851 4
2852 4
2853 4
2854 4
2855 4
2856 4
2857 4
2858 4
2859 4
2860 4
2861 4
2862 4
2863 4
2864 4
2865 4
2866 4
2867 4
2868 4
2869 6
2870 6
2871 6
2872 6
2873 4
2874 4
2875 4
2876 4
2877 4
2878 4
2879 4
2880 4
2881 4
2882 4
2883 4
2884 4
2885 4
2886 4
2887 6
2888 4
2889 4
2890 4
2891 4
2892 4
2893 4
2894 4
2895 6
2896 6
2897 6
2898 4
2899 4
2900 4
2901 4
2902 4
2903 4
2904 4
2905 4
2906 4
2907 4
2908 4
2909 4
2910 4
2911 4
2912 4
2913 4
2914 4
2915 4
2916 4
2917 4
2918 4
2919 4
2920 4
2921 4
2922 4
2923 4
2924 4
2925 4
2926 4
2927 4
2928 4
2929 4
2930 4
2931 4
2932 4
2933 4
2934 4
2935 4
2936 4
2937 4
2938 4
2939 4
2940 4
2941 4
2942 4
2943 4
2944 4
2945 4
2946 4
2947 4
2948 4
2949 4
2950 4
2951 4
2952 4
2953 4
2954 4
2955 4
2956 4
2957 4
2958 4
2959 4
2960 4
2961 4
2962 4
2963 4
2964 4
2965 4
2966 4
2967 4
2968 4
2969 4
2970 4
2971 4
2972 4
2973 4
2974 4
2975 4
2976 4
2977 4
2978 4
2979 4
2980 4
2981 4
2982 4
2983 4
2984 4
2985 4
2986 4
2987 4
2988 4
2989 4
2990 4
2991 4
2992 4
2993 4
2994 4
2995 4
2996 4
2997 4
2998 4
2999 4
3000 4
3001 4
3002 4
3003 4
3004 4
3005 4
3006 4
3007 4
3008 4
3009 4
3010 4
3011 4
3012 4
3013 4
3014 4
3015 4
3016 4
3017 4
3018 4
3019 4
3020 4
3021 4
3022 4
3023 4
3024 4
3025 4
3026 4
3027 4
3028 4
3029 4
3030 4
3031 4
3032 4
3033 4
3034 4
3035 4
3036 4
3037 4
3038 4
3039 4
3040 4
3041 4
3042 4
3043 4
3044 4
3045 4
3046 4
3047 4
3048 4
3049 4
3050 4
3051 4
3052 4
3053 4
3054 4
3055 4
3056 4
3057 4
3058 4
3059 4
3060 4
3061 4
3062 4
3063 4
3064 4
3065 4
3066 4
3067 4
3068 4
3069 4
3070 4
3071 4
3072 4
3073 4
3074 4
3075 4
3076 4
3077 4
3078 4
3079 4
3080 4
3081 4
3082 4
3083 4
3084 4
3085 4
3086 4
3087 4
3088 4
3089 4
3090 4
3091 4
3092 4
3093 4
3094 4
3095 4
3096 4
3097 4
3098 4
3099 4
3100 4
3101 4
3102 4
3103 4
3104 4
3105 4
3106 4
3107 4
3108 4
3109 4
3110 4
3111 4
3112 4
3113 4
3114 4
3115 4
3116 4
3117 4
3118 4
3119 4
3120 4
3121 4
3122 4
3123 4
3124 4
3125 4
3126 4
3127 4
3128 4
3129 4
3130 4
3131 4
3132 4
3133 4
3134 4
3135 4
3136 4
3137 4
3138 4
3139 4
3140 4
3141 4
3142 4
3143 4
3144 4
3145 4
3146 4
3147 4
3148 4
3149 4
3150 4
3151 4
3152 4
3153 4
3154 4
3155 4
3156 4
3157 4
3158 4
3159 4
3160 4
3161 4
3162 4
3163 4
3164 4
3165 4
3166 4
3167 4
3168 4
3169 4
3170 4
3171 4
3172 4
3173 4
3174 4
3175 4
3176 4
3177 4
3178 4
3179 4
3180 4
3181 4
3182 4
3183 4
3184 4
3185 4
3186 4
3187 4
3188 4
3189 4
3190 4
3191 4
3192 4
3193 4
3194 4
3195 4
3196 4
3197 4
3198 4
3199 4
3200 4
3201 4
3202 4
3203 4
3204 4
3205 4
3206 4
3207 4
3208 4
3209 4
3210 4
3211 4
3212 4
3213 4
3214 4
3215 4
3216 4
3217 4
3218 4
3219 4
3220 4
3221 4
3222 4
3223 4
3224 4
3225 4
3226 4
3227 4
3228 4
3229 4
3230 4
3231 4
3232 4
3233 4
3234 4
3235 4
3236 4
3237 4
3238 4
3239 4
3240 4
3241 4
3242 4
3243 4
3244 4
3245 4
3246 4
3247 4
3248 4
3249 4
3250 4
3251 2
3252 2
3253 2
3254 2
3255 2
3256 2
3257 2
3258 2
3259 2
3260 2
3261 2
3262 2
3263 2
3264 2
3265 2
3266 2
3267 2
3268 2
3269 2
3270 2
3271 2
3272 2
3273 2
3274 2
3275 2
3276 2
3277 2
3278 2
3279 2
3280 2
3281 2
3282 2
3283 2
3284 2
3285 2
3286 2
3287 2
3288 2
3289 2
3290 2
3291 2
3292 2
3293 2
3294 2
3295 2
3296 2
3297 2
3298 2
3299 2
3300 2
3301 2
3302 2
3303 2
3304 2
3305 2
3306 2
3307 2
3308 2
3309 2
3310 2
3311 2
3312 2
3313 2
3314 2
3315 2
3316 2
3317 2
3318 2
3319 2
3320 2
3321 2
3322 2
3323 2
3324 2
3325 2
3326 2
3327 2
3328 2
3329 2
3330 2
3331 2
3332 2
3333 2
3334 2
3335 2
3336 2
3337 2
3338 2
3339 2
3340 2
3341 2
3342 2
3343 2
3344 2
3345 2
3346 2
3347 2
3348 2
3349 2
3350 2
3351 2
3352 2
3353 2
3354 2
3355 2
3356 2
3357 2
3358 2
3359 2
3360 2
3361 2
3362 2
3363 2
3364 2
3365 2
3366 2
3367 2
3368 2
3369 2
3370 2
3371 2
3372 2
3373 2
3374 2
3375 2
3376 2
3377 2
3378 2
3379 2
3380 2
3381 2
3382 2
3383 2
3384 2
3385 2
3386 2
3387 2
3388 2
3389 2
3390 2
3391 2
3392 2
3393 2
3394 2
3395 2
3396 2
3397 2
3398 4
3399 4
3400 4
3401 4
3402 4
3403 4
3404 4
3405 4
3406 4
3407 4
3408 4
3409 4
3410 4
3411 4
3412 4
3413 4
3414 4
3415 4
3416 4
3417 4
3418 4
3419 4
3420 4
3421 4
3422 4
3423 4
3424 4
3425 4
3426 4
3427 4
3428 4
3429 4
3430 4
3431 4
3432 4
3433 4
3434 4
3435 4
3436 4
3437 4
3438 4
3439 4
3440 4
3441 4
3442 4
3443 4
3444 4
3445 4
3446 4
3447 4
3448 4
3449 4
3450 4
3451 4
3452 4
3453 4
3454 4
3455 4
3456 4
3457 4
3458 4
3459 4
3460 4
3461 4
3462 4
3463 4
3464 4
3465 4
3466 4
3467 4
3468 4
3469 4
3470 4
3471 4
3472 4
3473 4
3474 4
3475 4
3476 4
3477 4
3478 4
3479 4
3480 4
3481 4
3482 4
3483 4
3484 4
3485 4
3486 4
3487 4
3488 4
3489 4
3490 4
3491 4
3492 4
3493 4
3494 4
3495 4
3496 4
3497 4
3498 4
3499 4
3500 4
3501 4
3502 4
3503 4
3504 4
3505 4
3506 4
3507 4
3508 4
3509 4
3510 4
3511 4
3512 4
3513 4
3514 4
3515 4
3516 4
3517 4
3518 4
3519 4
3520 4
3521 4
3522 4
3523 4
3524 4
3525 4
3526 4
3527 4
3528 4
3529 5
3530 5
3531 5
3532 5
3533 5
3534 5
3535 5
3536 5
3537 5
3538 5
3539 5
3540 5
3541 5
3542 2
3543 2
3544 2
3545 2
3546 2
3547 2
3548 2
3549 2
3550 2
3551 2
3552 2
3553 2
3554 2
3555 2
3556 2
3557 2
3558 2
3559 2
3560 2
3561 2
3562 2
3563 2
3564 2
3565 2
3566 2
3567 2
3568 2
3569 2
3570 2
3571 2
3572 2
3573 2
3574 2
3575 2
3576 2
3577 2
3578 2
3579 2
3580 2
3581 2
3582 2
3583 2
3584 2
3585 2
3586 2
3587 2
3588 2
3589 2
3590 2
3591 2
3592 2
3593 2
3594 2
3595 2
3596 2
3597 2
3598 2
3599 2
3600 2
3601 2
3602 2
3603 2
3604 2
3605 2
3606 2
3607 2
3608 2
3609 2
3610 2
3611 2
3612 2
3613 2
3614 2
3615 2
3616 2
3617 2
3618 2
3619 2
3620 2
3621 2
3622 2
3623 2
3624 2
3625 2
3626 2
3627 2
3628 2
3629 2
3630 2
3631 2
3632 2
3633 2
3634 2
3635 2
3636 2
3637 2
3638 2
3639 2
3640 2
3641 2
3642 2
3643 2
3644 2
3645 2
3646 2
3647 2
3648 2
3649 2
3650 2
3651 2
3652 2
3653 2
3654 2
3655 2
3656 2
3657 2
3658 2
3659 2
3660 2
3661 2
3662 2
3663 2
3664 2
3665 2
3666 2
3667 2
3668 2
3669 2
3670 2
3671 2
3672 2
3673 2
3674 2
3675 2
3676 2
3677 2
3678 2
3679 2
3680 2
3681 2
3682 2
3683 2
3684 2
3685 2
3686 2
3687 2
3688 2
3689 2
3690 2
3691 2
3692 5
3693 5
3694 5
3695 5
3696 5
3697 5
3698 5
3699 5
3700 5
3701 5
3702 5
3703 5
3704 5
3705 5
3706 5
3707 2
3708 2
3709 2
3710 2
3711 2
3712 2
3713 5
3714 5
3715 5
3716 5
3717 5
3718 5
3719 5
3720 5
3721 5
3722 5
3723 5
3724 5
3725 5
3726 2
3727 2
3728 2
3729 2
3730 5
3731 5
3732 5
3733 5
3734 5
3735 5
3736 5
3737 5
3738 5
3739 5
3740 5
3741 5
3742 5
3743 5
3744 2
3745 2
3746 2
3747 2
3748 2
3749 2
3750 2
3751 2
3752 2
3753 2
3754 2
3755 2
3756 2
3757 2
3758 5
3759 5
3760 5
3761 5
3762 5
3763 5
3764 5
3765 5
3766 5
3767 5
3768 5
3769 5
3770 5
3771 5
3772 5
3773 5
3774 2
3775 2
3776 2
3777 2
3778 2
3779 2
3780 2
3781 2
3782 2
3783 2
3784 2
3785 5
3786 5
3787 5
3788 5
3789 5
3790 5
3791 5
3792 5
3793 5
3794 5
3795 5
3796 5
3797 5
3798 5
3799 5
3800 5
3801 5
3802 5
3803 5
3804 5
3805 5
3806 5
3807 5
3808 2
3809 2
3810 2
3811 2
3812 2
3813 2
3814 2
3815 5
3816 5
3817 5
3818 5
3819 5
3820 5
3821 5
3822 5
3823 5
3824 5
3825 5
3826 5
3827 5
3828 5
3829 5
3830 5
3831 5
3832 5
3833 5
3834 5
3835 5
3836 5
3837 5
3838 5
3839 5
3840 5
3841 5
3842 5
3843 5
3844 5
3845 5
3846 2
3847 5
3848 2
3849 2
3850 2
3851 2
3852 2
3853 2
3854 2
3855 2
3856 2
3857 2
3858 2
3859 2
3860 2
3861 2
3862 2
3863 2
3864 2
3865 2
3866 2
3867 2
3868 2
3869 2
3870 2
3871 5
3872 5
3873 5
3874 5
3875 5
3876 5
3877 5
3878 5
3879 5
3880 5
3881 5
3882 2
3883 2
3884 2
3885 2
3886 2
3887 2
3888 2
3889 2
3890 2
3891 2
3892 2
3893 2
3894 2
3895 2
3896 2
3897 2
3898 2
3899 2
3900 2
3901 2
3902 2
3903 2
3904 2
3905 2
3906 2
3907 2
3908 2
3909 2
3910 2
3911 2
3912 2
3913 2
3914 2
3915 2
3916 2
3917 2
3918 2
3919 2
3920 2
3921 2
3922 2
3923 2
3924 2
3925 2
3926 2
3927 2
3928 2
3929 2
3930 2
3931 2
3932 2
3933 2
3934 2
3935 2
3936 2
3937 2
3938 2
3939 2
3940 2
3941 2
3942 2
3943 2
3944 2
3945 2
3946 2
3947 2
3948 2
3949 2
3950 2
3951 2
3952 2
3953 2
3954 2
3955 2
3956 2
3957 2
3958 2
3959 2
3960 2
3961 2
3962 2
3963 2
3964 2
3965 2
3966 2
3967 2
3968 2
3969 2
3970 2
3971 2
3972 2
3973 2
3974 2
3975 2
3976 2
3977 2
3978 2
3979 2
3980 2
3981 2
3982 2
3983 2
3984 2
3985 2
3986 2
3987 3
3988 3
3989 3
3990 2
3991 2
3992 3
3993 3
3994 2
3995 2
3996 2
3997 2
3998 2
3999 2
4000 2
4001 2
4002 2
4003 2
4004 2
4005 2
4006 2
4007 2
4008 2
4009 2
4010 2
4011 2
4012 2
4013 2
4014 2
4015 2
4016 2
4017 2
4018 2
4019 2
4020 2
4021 2
4022 2
4023 2
4024 2
4025 2
4026 2
4027 2
4028 2
4029 3
4030 3
4031 3
4032 3
4033 3
4034 2
4035 2
4036 2
4037 2
4038 2
4039 2
4040 2
4041 2
4042 2
4043 2
4044 2
4045 2
4046 2
4047 2
4048 2
4049 2
4050 2
4051 2
4052 2
4053 2
4054 2
4055 2
4056 2
4057 3
4058 3
4059 3
4060 3
4061 3
4062 3
4063 3
4064 3
4065 2
4066 2
4067 2
4068 2
4069 2
4070 2
4071 2
4072 2
4073 2
4074 2
4075 2
4076 2
4077 2
4078 2
4079 2
4080 2
4081 2
4082 2
4083 3
4084 3
4085 3
4086 3
4087 3
4088 3
4089 3
4090 3
4091 3
4092 2
4093 2
4094 2
4095 2
4096 2
4097 2
4098 2
4099 2
4100 2
4101 2
4102 2
4103 2
4104 2
4105 2
4106 2
4107 2
4108 2
4109 2
4110 2
4111 2
4112 2
4113 2
4114 3
4115 2
4116 3
4117 3
4118 3
4119 3
4120 3
4121 3
4122 3
4123 3
4124 3
4125 3
4126 2
4127 2
4128 2
4129 2
4130 2
4131 2
4132 2
4133 2
4134 2
4135 2
4136 2
4137 2
4138 2
4139 2
4140 2
4141 2
4142 2
4143 2
4144 2
4145 2
4146 2
4147 2
4148 2
4149 2
4150 2
4151 2
4152 2
4153 2
4154 2
4155 2
4156 2
4157 2
4158 2
4159 2
4160 2
4161 2
4162 2
4163 2
4164 2
4165 2
4166 2
4167 2
4168 2
4169 2
4170 2
4171 2
4172 2
4173 2
4174 2
4175 2
4176 2
4177 2
4178 2
4179 2
4180 2
4181 2
4182 2
4183 2
4184 2
4185 2
4186 2
4187 2
4188 2
4189 2
4190 2
4191 2
4192 7
4193 7
4194 7
4195 7
4196 2
4197 2
4198 2
4199 2
4200 2
4201 2
4202 2
4203 2
4204 2
4205 2
4206 2
4207 2
4208 2
4209 2
4210 2
4211 2
4212 2
4213 2
4214 2
4215 2
4216 2
4217 2
4218 7
4219 7
4220 7
4221 2
4222 2
4223 2
4224 2
4225 2
4226 2
4227 2
4228 2
4229 2
4230 2
4231 2
4232 2
4233 2
4234 2
4235 2
4236 2
4237 2
4238 2
4239 2
4240 2
4241 2
4242 2
4243 2
4244 2
4245 2
4246 2
4247 2
4248 2
4249 2
4250 2
4251 2
4252 2
4253 2
4254 2
4255 2
4256 2
4257 2
4258 2
4259 2
4260 2
4261 2
4262 2
4263 2
4264 7
4265 7
4266 7
4267 7
4268 7
4269 7
4270 7
4271 7
4272 7
4273 7
4274 7
4275 7
4276 7
4277 7
4278 7
4279 7
4280 7
4281 7
4282 7
4283 7
4284 7
4285 7
4286 7
4287 4
4288 4
4289 4
4290 4
4291 4
4292 4
4293 4
4294 4
4295 4
4296 4
4297 4
4298 4
4299 4
4300 4
4301 4
4302 4
4303 4
4304 4
4305 4
4306 4
4307 4
4308 4
4309 4
4310 4
4311 4
4312 4
4313 3
4314 3
4315 3
4316 3
4317 7
4318 3
4319 3
4320 7
4321 4
4322 4
4323 4
4324 4
4325 4
4326 4
4327 4
4328 4
4329 4
4330 4
4331 4
4332 4
4333 4
4334 4
4335 4
4336 4
4337 4
4338 4
4339 4
4340 4
4341 4
4342 4
4343 4
4344 4
4345 4
4346 4
4347 4
4348 4
4349 4
4350 4
4351 4
4352 4
4353 4
4354 4
4355 4
4356 4
4357 4
4358 4
4359 4
4360 4
4361 4
4362 4
4363 4
4364 4
4365 4
4366 4
4367 4
4368 4
4369 4
4370 4
4371 4
4372 4
4373 4
4374 4
4375 4
4376 4
4377 4
4378 4
4379 4
4380 4
4381 4
4382 4
4383 4
4384 4
4385 4
4386 4
4387 4
4388 4
4389 4
4390 4
4391 4
4392 4
4393 4
4394 4
4395 4
4396 4
4397 4
4398 4
4399 4
4400 4
4401 4
4402 4
4403 4
4404 4
4405 4
4406 4
4407 4
4408 4
4409 4
4410 4
4411 6
4412 6
4413 6
4414 6
4415 6
4416 6
4417 6
4418 6
4419 6
4420 6
4421 6
4422 6
4423 6
4424 6
4425 6
4426 6
4427 4
4428 4
4429 4
4430 4
4431 4
4432 4
4433 4
4434 4
4435 4
4436 4
4437 4
4438 4
4439 4
4440 4
4441 4
4442 4
4443 4
4444 4
4445 4
4446 4
4447 4
4448 4
4449 4
4450 4
4451 4
4452 4
4453 4
4454 4
4455 4
4456 4
4457 4
4458 4
4459 4
4460 4
4461 4
4462 4
4463 4
4464 4
4465 4
4466 4
4467 4
4468 4
4469 4
4470 4
4471 4
4472 4
4473 4
4474 4
4475 4
4476 4
4477 4
4478 4
4479 4
4480 4
4481 4
4482 4
4483 4
4484 4
4485 4
4486 4
4487 4
4488 4
4489 4
4490 4
4491 4
4492 4
4493 4
4494 4
4495 4
4496 4
4497 4
4498 4
4499 4
4500 4
4501 4
4502 4
4503 4
4504 4
4505 4
4506 4
4507 4
4508 4
4509 4
4510 4
4511 4
4512 4
4513 4
4514 4
4515 4
4516 4
4517 4
4518 4
4519 4
4520 4
4521 4
4522 4
4523 4
4524 4
4525 4
4526 4
4527 4
4528 4
4529 4
4530 4
4531 4
4532 4
4533 4
4534 4
4535 4
4536 4
4537 4
4538 4
4539 4
4540 4
4541 4
4542 4
4543 4
4544 4
4545 4
4546 4
4547 4
4548 4
4549 4
4550 4
4551 4
4552 4
4553 4
4554 4
4555 4
4556 4
4557 4
4558 4
4559 4
4560 4
4561 4
4562 4
4563 4
4564 4
4565 4
4566 4
4567 4
4568 4
4569 4
4570 4
4571 4
4572 4
4573 4
4574 4
4575 6
4576 6
4577 6
4578 4
4579 6
4580 6
4581 6
4582 6
4583 6
4584 6
4585 6
4586 6
4587 6
4588 6
4589 6
4590 6
4591 6
4592 6
4593 6
4594 6
4595 6
4596 6
4597 6
4598 6
4599 6
4600 6
4601 6
4602 6
4603 6
4604 6
4605 6
4606 6
4607 6
4608 6
4609 6
4610 6
4611 6
4612 6
4613 6
4614 6
4615 6
4616 6
4617 6
4618 6
4619 6
4620 6
4621 6
4622 6
4623 6
4624 6
4625 6
4626 6
4627 6
4628 6
4629 6
4630 5
4631 5
4632 5
4633 5
4634 5
4635 5
4636 5
4637 5
4638 6
4639 6
4640 6
4641 6
4642 6
4643 6
4644 6
4645 6
4646 6
4647 6
4648 6
4649 6
4650 6
4651 6
4652 6
4653 6
4654 6
4655 6
4656 6
4657 5
4658 5
4659 5
4660 5
4661 5
4662 5
4663 5
4664 6
4665 6
4666 6
4667 6
4668 6
4669 6
4670 6
4671 6
4672 6
4673 6
4674 6
4675 6
4676 6
4677 6
4678 6
4679 6
4680 6
4681 6
4682 6
4683 6
4684 6
4685 6
4686 6
4687 6
4688 6
4689 6
4690 6
4691 6
4692 6
4693 6
4694 6
4695 6
4696 6
4697 6
4698 6
4699 6
4700 6
4701 6
4702 6
4703 6
4704 6
4705 5
4706 5
4707 5
4708 5
4709 5
4710 5
4711 5
4712 5
4713 5
4714 5
4715 5
4716 5
4717 5
4718 5
4719 5
4720 5
4721 5
4722 5
4723 5
4724 5
4725 5
4726 5
4727 6
4728 6
4729 6
4730 6
4731 6
4732 6
4733 6
4734 6
4735 6
4736 6
4737 6
4738 6
4739 6
4740 6
4741 6
4742 6
4743 6
4744 6
4745 6
4746 6
4747 6
4748 6
4749 6
4750 6
4751 6
4752 6
4753 6
4754 6
4755 6
4756 6
4757 6
4758 5
4759 6
4760 6
4761 6
4762 6
4763 6
4764 6
4765 6
4766 6
4767 6
4768 6
4769 6
4770 6
4771 6
4772 6
4773 6
4774 6
4775 6
4776 6
4777 6
4778 6
4779 6
4780 6
4781 6
4782 6
4783 6
4784 6
4785 6
4786 6
4787 6
4788 6
4789 6
4790 6
4791 6
4792 6
4793 6
4794 6
4795 6
4796 6
4797 6
4798 6
4799 6
4800 6
4801 6
4802 6
4803 6
4804 6
4805 6
4806 6
4807 6
4808 6
4809 6
4810 6
4811 6
4812 6
4813 6
4814 6
4815 6
4816 6
4817 6
4818 6
4819 6
4820 6
4821 6
4822 6
4823 6
4824 6
4825 6
4826 6
4827 6
4828 6
4829 6
4830 6
4831 6
4832 6
4833 6
4834 6
4835 6
4836 6
4837 6
4838 6
4839 6
4840 6
4841 6
4842 6
4843 6
4844 6
4845 6
4846 6
4847 6
4848 6
4849 6
4850 6
4851 6
4852 6
4853 6
4854 6
4855 6
4856 6
4857 6
4858 6
4859 6
4860 6
4861 6
4862 6
4863 6
4864 6
4865 6
4866 6
4867 6
4868 6
4869 6
4870 6
4871 6
4872 6
4873 6
4874 6
4875 6
4876 6
4877 6
4878 6
4879 6
4880 6
4881 6
4882 6
4883 6
4884 6
4885 6
4886 6
4887 6
4888 6
4889 6
4890 6
4891 6
4892 6
4893 6
4894 6
4895 6
4896 6
4897 6
4898 6
4899 6
4900 6
4901 6
4902 6
4903 6
4904 6
4905 6
4906 6
4907 6
4908 6
4909 6
4910 6
4911 6
4912 6
4913 6
4914 6
4915 6
4916 6
4917 6
4918 6
4919 6
4920 6
4921 6
4922 6
4923 6
4924 6
4925 6
4926 6
4927 6
4928 6
4929 6
4930 6
4931 6
4932 6
4933 6
4934 6
4935 6
4936 6
4937 6
4938 6
4939 6
4940 6
4941 6
4942 6
4943 6
4944 6
4945 6
4946 6
4947 6
4948 6
4949 6
4950 6
4951 6
4952 6
4953 6
4954 6
4955 6
4956 6
4957 6
4958 6
4959 6
4960 6
4961 6
4962 6
4963 6
4964 6
4965 6
4966 6
4967 6
4968 6
4969 6
4970 6
4971 6
4972 6
4973 6
4974 6
4975 6
4976 6
4977 6
4978 6
4979 6
4980 6
4981 6
4982 6
4983 6
4984 6
4985 6
4986 6
4987 6
4988 6
4989 6
4990 6
4991 6
4992 6
4993 6
4994 6
4995 6
4996 6
4997 6
4998 6
4999 4
5000 4
5001 4
5002 4
5003 4
5004 4
5005 4
5006 6
5007 6
5008 6
5009 6
5010 6
5011 6
5012 6
5013 6
5014 6
5015 6
5016 6
5017 6
5018 6
5019 6
5020 6
5021 6
5022 6
5023 6
5024 6
5025 6
5026 6
5027 6
5028 6
5029 6
5030 6
5031 6
5032 6
5033 6
5034 6
5035 6
5036 6
5037 6
5038 6
5039 6
5040 6
5041 6
5042 6
5043 6
5044 6
5045 6
5046 6
5047 6
5048 6
5049 6
5050 6
5051 6
5052 6
5053 6
5054 6
5055 6
5056 6
5057 6
5058 6
5059 6
5060 6
5061 6
5062 6
5063 6
5064 6
5065 6
5066 6
5067 6
5068 6
5069 6
5070 6
5071 6
5072 6
5073 6
5074 6
5075 6
5076 6
5077 6
5078 6
5079 6
5080 6
5081 6
5082 6
5083 6
5084 6
5085 6
5086 6
5087 6
5088 6
5089 6
5090 6
5091 6
5092 6
5093 6
5094 6
5095 6
5096 6
5097 6
5098 6
5099 6
5100 6
5101 6
5102 6
5103 6
5104 6
5105 6
5106 6
5107 6
5108 6
5109 6
5110 6
5111 6
5112 6
5113 6
5114 6
5115 6
5116 6
5117 6
5118 6
5119 6
5120 6
5121 6
5122 6
5123 6
5124 6
5125 6
5126 6
5127 6
5128 6
5129 6
5130 6
5131 6
5132 6
5133 6
5134 6
5135 6
5136 6
5137 6
5138 6
5139 6
5140 6
5141 6
5142 6
5143 6
5144 6
5145 6
5146 6
5147 6
5148 6
5149 7
5150 6
5151 7
5152 7
5153 6
5154 6
5155 6
5156 6
5157 6
5158 6
5159 6
5160 6
5161 6
5162 6
5163 6
5164 6
5165 6
5166 6
5167 6
5168 6
5169 6
5170 6
5171 6
5172 6
5173 6
5174 6
5175 6
5176 6
5177 6
5178 6
5179 6
5180 6
5181 6
5182 6
5183 6
5184 6
5185 6
5186 6
5187 6
5188 6
5189 6
5190 6
5191 6
5192 6
5193 6
5194 6
5195 6
5196 6
5197 6
5198 6
5199 6
5200 6
5201 6
5202 6
5203 6
5204 6
5205 6
5206 6
5207 6
5208 6
5209 6
5210 6
5211 6
5212 6
5213 6
5214 6
5215 6
5216 6
5217 6
5218 6
5219 6
5220 6
5221 6
5222 6
5223 6
5224 6
5225 6
5226 6
5227 6
5228 6
5229 6
5230 6
5231 6
5232 6
5233 6
5234 6
5235 6
5236 6
5237 6
5238 6
5239 6
5240 6
5241 6
5242 6
5243 6
5244 6
5245 6
5246 6
5247 6
5248 6
5249 6
5250 6
5251 6
5252 6
5253 6
5254 6
5255 6
5256 6
5257 6
5258 6
5259 6
5260 6
5261 6
5262 6
5263 6
5264 6
5265 6
5266 6
5267 6
5268 6
5269 6
5270 6
5271 6
5272 6
5273 6
5274 6
5275 6
5276 6
5277 6
5278 6
5279 6
5280 6
5281 6
5282 6
5283 6
5284 6
5285 6
5286 6
5287 6
5288 6
5289 6
5290 6
5291 6
5292 6
5293 6
5294 6
5295 6
5296 6
5297 6
5298 6
5299 6
5300 6
5301 6
5302 6
5303 6
5304 6
5305 6
5306 6
5307 6
5308 6
5309 6
5310 6
5311 6
5312 6
5313 6
5314 6
5315 6
5316 6
5317 6
5318 6
5319 6
5320 6
5321 6
5322 6
5323 6
5324 6
5325 6
5326 6
5327 6
5328 6
5329 6
5330 6
5331 6
5332 6
5333 6
5334 6
5335 6
5336 6
5337 6
5338 6
5339 6
5340 6
5341 6
5342 6
5343 6
5344 6
5345 6
5346 6
5347 6
5348 6
5349 6
5350 6
5351 6
5352 6
5353 6
5354 6
5355 6
5356 6
5357 6
5358 6
5359 6
5360 6
5361 6
5362 6
5363 6
5364 6
5365 6
5366 6
5367 6
5368 6
5369 6
5370 6
5371 6
5372 6
5373 6
5374 6
5375 6
5376 6
5377 6
5378 6
5379 6
5380 6
5381 6
5382 6
5383 6
5384 6
5385 6
5386 6
5387 6
5388 6
5389 6
5390 6
5391 6
5392 6
5393 6
5394 6
5395 6
5396 6
5397 6
5398 6
5399 6
5400 6
5401 6
5402 6
5403 6
5404 6
5405 6
5406 6
5407 6
5408 6
5409 6
5410 6
5411 6
5412 6
5413 6
5414 6
5415 6
5416 6
5417 6
5418 6
5419 6
5420 6
5421 6
5422 6
5423 6
5424 6
5425 6
5426 6
5427 6
5428 6
5429 6
5430 6
5431 6
5432 6
5433 6
5434 6
5435 6
5436 6
5437 6
5438 6
5439 6
5440 6
5441 6
5442 6
5443 6
5444 6
5445 6
5446 6
5447 6
5448 6
5449 6
5450 6
5451 6
5452 6
5453 6
5454 6
5455 6
5456 6
5457 6
5458 6
5459 6
5460 6
5461 6
5462 6
5463 6
5464 6
5465 6
5466 6
5467 6
5468 6
5469 6
5470 6
5471 6
5472 6
5473 6
5474 6
5475 7
5476 7
5477 7
5478 6
5479 6
5480 6
5481 6
5482 6
5483 6
5484 6
5485 6
5486 6
5487 6
5488 6
5489 6
5490 6
5491 6
5492 6
5493 6
5494 6
5495 6
5496 6
5497 6
5498 6
5499 6
5500 6
5501 6
5502 6
5503 6
5504 6
5505 6
5506 6
5507 6
5508 6
5509 7
5510 6
5511 6
5512 7
5513 7
5514 7
5515 7
5516 7
5517 7
5518 7
5519 7
5520 7
5521 7
5522 7
5523 6
5524 6
5525 6
5526 6
5527 6
5528 6
5529 4
5530 4
5531 6
5532 7
5533 7
5534 7
5535 7
5536 7
5537 7
5538 7
5539 7
5540 7
5541 7
5542 7
5543 7
5544 7
5545 7
5546 7
5547 7
5548 7
5549 6
5550 6
5551 6
5552 6
5553 6
5554 4
5555 4
5556 4
5557 4
5558 6
5559 4
5560 6
5561 6
5562 6
5563 6
5564 6
5565 6
5566 6
5567 6
5568 6
5569 6
5570 6
5571 7
5572 7
5573 7
5574 7
5575 7
5576 6
5577 6
5578 6
5579 6
5580 6
5581 6
5582 6
5583 6
5584 6
5585 6
5586 6
5587 7
5588 7
5589 7
5590 7
5591 7
5592 7
5593 7
5594 7
5595 7
5596 7
5597 7
5598 7
5599 7
5600 7
5601 7
5602 7
5603 7
5604 7
5605 7
5606 7
5607 7
5608 7
5609 7
5610 7
5611 7
5612 7
5613 7
5614 7
5615 7
5616 7
5617 7
5618 7
5619 7
5620 7
5621 7
5622 7
5623 7
5624 7
5625 7
5626 7
5627 7
5628 7
5629 7
5630 7
5631 7
5632 7
5633 7
5634 7
5635 7
5636 7
5637 7
5638 7
5639 7
5640 7
5641 7
5642 7
5643 7
5644 7
5645 7
5646 7
5647 7
5648 7
5649 7
5650 7
5651 7
5652 7
5653 7
5654 7
5655 7
5656 7
5657 7
5658 7
5659 7
5660 7
5661 7
5662 3
5663 3
5664 3
5665 3
5666 7
5667 7
5668 7
5669 7
5670 7
5671 7
5672 7
5673 7
5674 7
5675 7
5676 7
5677 7
5678 7
5679 7
5680 3
5681 7
5682 7
5683 7
5684 7
5685 7
5686 7
5687 7
5688 3
5689 3
5690 3
5691 7
5692 7
5693 7
5694 7
5695 7
5696 7
5697 7
5698 7
5699 7
5700 7
5701 7
5702 7
5703 7
5704 7
5705 7
5706 7
5707 7
5708 7
5709 7
5710 7
5711 7
5712 7
5713 7
5714 7
5715 7
5716 7
5717 7
5718 7
5719 7
5720 7
5721 7
5722 7
5723 7
5724 7
5725 7
5726 7
5727 7
5728 7
5729 7
5730 7
5731 7
5732 7
5733 7
5734 4
5735 4
5736 4
5737 4
5738 4
5739 4
5740 4
5741 4
5742 4
5743 4
5744 4
5745 4
5746 4
5747 4
5748 3
5749 3
5750 3
5751 3
5752 3
5753 3
5754 3
5755 3
5756 3
5757 7
5758 7
5759 7
5760 7
5761 7
5762 7
5763 7
5764 7
5765 7
5766 7
5767 7
5768 7
5769 7
5770 7
5771 7
5772 7
5773 7
5774 7
5775 7
5776 7
5777 7
5778 7
5779 7
5780 7
5781 7
5782 7
5783 7
5784 7
5785 7
5786 7
5787 7
5788 7
5789 7
5790 7
5791 7
5792 7
5793 7
5794 7
5795 7
5796 7
5797 7
5798 7
5799 7
5800 7
5801 7
5802 7
5803 7
5804 7
5805 7
5806 7
5807 7
5808 7
5809 7
5810 7
5811 7
5812 7
5813 7
5814 7
5815 7
5816 7
5817 7
5818 7
5819 7
5820 7
5821 7
5822 7
5823 7
5824 7
5825 7
5826 7
5827 7
5828 7
5829 7
5830 7
5831 7
5832 7
5833 7
5834 7
5835 7
5836 7
5837 7
5838 7
5839 7
5840 7
5841 7
5842 7
5843 7
5844 7
5845 7
5846 7
5847 7
5848 7
5849 7
5850 7
5851 7
5852 7
5853 7
5854 7
5855 7
5856 7
5857 7
5858 7
5859 7
5860 7
5861 7
5862 7
5863 7
5864 7
5865 7
5866 7
5867 7
5868 7
5869 7
5870 7
5871 7
5872 7
5873 7
5874 7
5875 7
5876 7
5877 7
5878 7
5879 7
5880 7
5881 2
5882 2
5883 2
5884 2
5885 2
5886 2
5887 2
5888 2
5889 2
5890 2
5891 2
5892 2
5893 2
5894 2
5895 2
5896 2
5897 2
5898 2
5899 2
5900 2
5901 2
5902 2
5903 2
5904 2
5905 2
5906 2
5907 2
5908 2
5909 2
5910 2
5911 2
5912 2
5913 2
5914 2
5915 2
5916 2
5917 2
5918 2
5919 2
5920 2
5921 2
5922 2
5923 2
5924 2
5925 2
5926 2
5927 2
5928 2
5929 2
5930 2
5931 2
5932 2
5933 2
5934 2
5935 2
5936 2
5937 2
5938 2
5939 2
5940 2
5941 2
5942 2
5943 2
5944 2
5945 2
5946 2
5947 2
5948 2
5949 2
5950 2
5951 2
5952 2
5953 2
5954 2
5955 2
5956 2
5957 2
5958 2
5959 2
5960 2
5961 2
5962 2
5963 2
5964 2
5965 2
5966 2
5967 2
5968 2
5969 2
5970 2
5971 2
5972 2
5973 2
5974 2
5975 2
5976 2
5977 2
5978 2
5979 2
5980 2
5981 2
5982 2
5983 2
5984 2
5985 2
5986 2
5987 2
5988 2
5989 2
5990 2
5991 2
5992 2
5993 2
5994 2
5995 2
5996 2
5997 2
5998 2
5999 2
6000 2
6001 2
6002 2
6003 2
6004 2
6005 2
6006 2
6007 2
6008 2
6009 2
6010 2
6011 2
6012 2
6013 2
6014 2
6015 2
6016 2
6017 2
6018 2
6019 2
6020 2
6021 2
6022 2
6023 2
6024 2
6025 2
6026 2
6027 2
6028 7
6029 7
6030 7
6031 7
6032 7
6033 7
6034 7
6035 7
6036 7
6037 7
6038 7
6039 7
6040 7
6041 7
6042 7
6043 7
6044 7
6045 2
6046 7
6047 2
6048 7
6049 2
6050 2
6051 2
6052 2
6053 2
6054 2
6055 2
6056 2
6057 2
6058 2
6059 2
6060 2
6061 2
6062 2
6063 2
6064 2
6065 2
6066 2
6067 2
6068 2
6069 2
6070 2
6071 2
6072 2
6073 2
6074 2
6075 2
6076 2
6077 2
6078 2
6079 2
6080 2
6081 2
6082 2
6083 2
6084 2
6085 2
6086 2
6087 2
6088 2
6089 2
6090 2
6091 2
6092 2
6093 2
6094 2
6095 2
6096 2
6097 2
6098 2
6099 2
6100 2
6101 2
6102 2
6103 2
6104 2
6105 2
6106 2
6107 2
6108 2
6109 2
6110 2
6111 2
6112 2
6113 2
6114 2
6115 2
6116 2
6117 2
6118 2
6119 2
6120 2
6121 2
6122 2
6123 2
6124 2
6125 2
6126 2
6127 2
6128 2
6129 2
6130 2
6131 2
6132 2
6133 2
6134 2
6135 2
6136 2
6137 2
6138 2
6139 2
6140 2
6141 2
6142 2
6143 2
6144 2
6145 2
6146 2
6147 2
6148 2
6149 2
6150 2
6151 2
6152 2
6153 2
6154 2
6155 2
6156 2
6157 2
6158 2
6159 2
6160 2
6161 2
6162 2
6163 2
6164 2
6165 2
6166 2
6167 2
6168 2
6169 2
6170 2
6171 2
6172 2
6173 2
6174 2
6175 7
6176 7
6177 7
6178 7
6179 7
6180 7
6181 7
6182 7
6183 7
6184 7
6185 7
6186 7
6187 7
6188 7
6189 7
6190 7
6191 7
6192 7
6193 7
6194 7
6195 7
6196 7
6197 7
6198 7
6199 7
6200 7
6201 7
6202 7
6203 7
6204 7
6205 7
6206 7
6207 7
6208 7
6209 7
6210 7
6211 7
6212 7
6213 7
6214 7
6215 7
6216 7
6217 7
6218 7
6219 7
6220 7
6221 7
6222 7
6223 7
6224 7
6225 7
6226 7
6227 7
6228 7
6229 7
6230 7
6231 7
6232 7
6233 7
6234 7
6235 7
6236 7
6237 7
6238 7
6239 7
6240 7
6241 7
6242 7
6243 7
6244 7
6245 7
6246 7
6247 7
6248 7
6249 7
6250 7
6251 7
6252 7
6253 7
6254 7
6255 7
6256 7
6257 7
6258 7
6259 7
6260 7
6261 7
6262 7
6263 7
6264 7
6265 7
6266 7
6267 7
6268 7
6269 7
6270 7
6271 7
6272 7
6273 7
6274 7
6275 7
6276 7
6277 7
6278 7
6279 7
6280 7
6281 7
6282 7
6283 7
6284 7
6285 7
6286 7
6287 7
6288 7
6289 7
6290 7
6291 7
6292 7
6293 7
6294 7
6295 7
6296 7
6297 7
6298 7
6299 7
6300 7
6301 7
6302 7
6303 7
6304 7
6305 7
6306 7
6307 7
6308 7
6309 7
6310 7
6311 7
6312 7
6313 7
6314 7
6315 7
6316 7
6317 7
6318 7
6319 7
6320 7
6321 7
6322 7
6323 7
6324 7
6325 7
6326 7
6327 7
6328 7
6329 7
6330 7
6331 7
6332 7
6333 7
6334 7
6335 7
6336 7
6337 7
6338 7
6339 7
6340 7
6341 7
6342 7
6343 7
6344 7
6345 7
6346 7
6347 7
6348 7
6349 7
6350 7
6351 7
6352 7
6353 7
6354 7
6355 7
6356 7
6357 7
6358 7
6359 7
6360 7
6361 7
6362 7
6363 7
6364 7
6365 7
6366 7
6367 7
6368 7
6369 7
6370 7
6371 7
6372 7
6373 7
6374 7
6375 7
6376 7
6377 7
6378 7
6379 7
6380 7
6381 7
6382 7
6383 7
6384 7
6385 7
6386 7
6387 7
6388 7
6389 7
6390 7
6391 7
6392 7
6393 7
6394 7
6395 7
6396 7
6397 7
6398 7
6399 7
6400 7
6401 7
6402 7
6403 7
6404 7
6405 7
6406 7
6407 7
6408 7
6409 7
6410 7
6411 7
6412 7
6413 7
6414 7
6415 7
6416 7
6417 7
6418 7
6419 7
6420 7
6421 7
6422 7
6423 7
6424 7
6425 7
6426 7
6427 7
6428 7
6429 7
6430 7
6431 7
6432 7
6433 7
6434 7
6435 7
6436 7
6437 7
6438 7
6439 7
6440 7
6441 7
6442 7
6443 7
6444 7
6445 7
6446 7
6447 7
6448 7
6449 7
6450 7
6451 7
6452 7
6453 7
6454 7
6455 7
6456 7
6457 7
6458 7
6459 7
6460 7
6461 7
6462 7
6463 7
6464 7
6465 7
6466 7
6467 7
6468 7
6469 2
6470 2
6471 2
6472 2
6473 2
6474 2
6475 2
6476 2
6477 2
6478 2
6479 2
6480 2
6481 2
6482 2
6483 2
6484 2
6485 7
6486 7
6487 7
6488 7
6489 7
6490 7
6491 7
6492 7
6493 7
6494 7
6495 7
6496 7
6497 7
6498 7
6499 7
6500 7
6501 7
6502 7
6503 7
6504 7
6505 7
6506 7
6507 7
6508 7
6509 7
6510 7
6511 7
6512 7
6513 7
6514 7
6515 7
6516 7
6517 7
6518 7
6519 7
6520 7
6521 7
6522 7
6523 7
6524 7
6525 7
6526 7
6527 7
6528 7
6529 7
6530 7
6531 7
6532 7
6533 7
6534 7
6535 7
6536 7
6537 7
6538 7
6539 7
6540 7
6541 7
6542 7
6543 7
6544 7
6545 7
6546 7
6547 7
6548 7
6549 7
6550 7
6551 7
6552 7
6553 7
6554 7
6555 7
6556 7
6557 7
6558 7
6559 7
6560 7
6561 7
6562 7
6563 7
6564 7
6565 7
6566 7
6567 7
6568 7
6569 7
6570 7
6571 7
6572 7
6573 7
6574 7
6575 7
6576 7
6577 7
6578 7
6579 7
6580 7
6581 7
6582 7
6583 7
6584 7
6585 7
6586 7
6587 7
6588 7
6589 7
6590 7
6591 7
6592 7
6593 7
6594 7
6595 7
6596 7
6597 7
6598 7
6599 7
6600 7
6601 7
6602 7
6603 7
6604 7
6605 7
6606 7
6607 7
6608 7
6609 7
6610 7
6611 7
6612 7
6613 7
6614 7
6615 7
6616 2
6617 2
6618 2
6619 2
6620 2
6621 2
6622 2
6623 2
6624 2
6625 2
6626 2
6627 2
6628 2
6629 2
6630 2
6631 2
6632 2
6633 5
6634 5
6635 5
6636 2
6637 2
6638 5
6639 5
6640 2
6641 2
6642 2
6643 2
6644 2
6645 2
6646 2
6647 2
6648 2
6649 2
6650 2
6651 2
6652 2
6653 2
6654 2
6655 2
6656 2
6657 2
6658 2
6659 2
6660 2
6661 2
6662 2
6663 2
6664 2
6665 2
6666 2
6667 2
6668 2
6669 2
6670 2
6671 2
6672 2
6673 2
6674 2
6675 2
6676 2
6677 5
6678 2
6679 2
6680 2
6681 2
6682 2
6683 2
6684 2
6685 2
6686 2
6687 2
6688 2
6689 2
6690 2
6691 2
6692 7
6693 2
6694 2
6695 2
6696 2
6697 2
6698 2
6699 2
6700 2
6701 2
6702 2
6703 5
6704 5
6705 5
6706 5
6707 5
6708 5
6709 5
6710 2
6711 2
6712 2
6713 2
6714 2
6715 2
6716 2
6717 2
6718 2
6719 2
6720 2
6721 2
6722 2
6723 2
6724 2
6725 2
6726 2
6727 2
6728 2
6729 5
6730 5
6731 5
6732 5
6733 5
6734 5
6735 5
6736 5
6737 2
6738 2
6739 2
6740 2
6741 2
6742 2
6743 2
6744 2
6745 2
6746 2
6747 2
6748 2
6749 2
6750 2
6751 2
6752 2
6753 2
6754 2
6755 2
6756 2
6757 2
6758 2
6759 2
6760 2
6761 2
6762 5
6763 5
6764 5
6765 5
6766 5
6767 5
6768 5
6769 5
6770 5
6771 5
6772 5
6773 5
6774 5
6775 5
6776 5
6777 5
6778 5
6779 5
6780 5
6781 5
6782 5
6783 5
6784 5
6785 5
6786 5
6787 5
6788 5
6789 5
6790 5
6791 5
6792 5
6793 5
6794 5
6795 5
6796 5
6797 5
6798 5
6799 5
6800 5
6801 5
6802 5
6803 5
6804 5
6805 5
6806 5
6807 5
6808 5
6809 5
6810 5
6811 5
6812 5
6813 5
6814 5
6815 5
6816 5
6817 5
6818 5
6819 5
6820 5
6821 5
6822 5
6823 5
6824 5
6825 5
6826 5
6827 5
6828 5
6829 5
6830 5
6831 5
6832 5
6833 5
6834 5
6835 5
6836 5
6837 5
6838 5
6839 5
6840 5
6841 5
6842 5
6843 5
6844 5
6845 5
6846 5
6847 5
6848 5
6849 5
6850 5
6851 5
6852 5
6853 5
6854 5
6855 5
6856 5
6857 5
6858 5
6859 5
6860 5
6861 5
6862 5
6863 5
6864 5
6865 5
6866 5
6867 5
6868 5
6869 5
6870 5
6871 5
6872 5
6873 5
6874 5
6875 5
6876 5
6877 5
6878 5
6879 5
6880 5
6881 5
6882 5
6883 5
6884 5
6885 5
6886 5
6887 5
6888 5
6889 5
6890 5
6891 5
6892 5
6893 5
6894 5
6895 5
6896 5
6897 5
6898 5
6899 5
6900 5
6901 5
6902 5
6903 5
6904 5
6905 5
6906 5
6907 5
6908 5
6909 5
6910 7
6911 7
6912 7
6913 7
6914 7
6915 7
6916 7
6917 7
6918 7
6919 7
6920 7
6921 7
6922 7
6923 7
6924 7
6925 7
6926 7
6927 2
6928 2
6929 2
6930 7
6931 5
6932 5
6933 5
6934 5
6935 5
6936 5
6937 5
6938 5
6939 5
6940 5
6941 5
6942 5
6943 5
6944 5
6945 5
6946 5
6947 5
6948 5
6949 5
6950 5
6951 5
6952 5
6953 5
6954 5
6955 5
6956 5
6957 5
6958 5
6959 5
6960 5
6961 5
6962 5
6963 5
6964 5
6965 5
6966 5
6967 5
6968 5
6969 5
6970 5
6971 5
6972 5
6973 5
6974 5
6975 5
6976 5
6977 5
6978 5
6979 5
6980 5
6981 5
6982 5
6983 5
6984 5
6985 5
6986 5
6987 5
6988 5
6989 5
6990 5
6991 5
6992 5
6993 5
6994 5
6995 5
6996 5
6997 5
6998 5
6999 5
7000 5
7001 5
7002 5
7003 5
7004 5
7005 5
7006 5
7007 5
7008 5
7009 5
7010 5
7011 5
7012 5
7013 5
7014 5
7015 5
7016 5
7017 5
7018 5
7019 5
7020 5
7021 5
7022 5
7023 5
7024 5
7025 5
7026 5
7027 5
7028 5
7029 5
7030 5
7031 5
7032 5
7033 5
7034 5
7035 5
7036 5
7037 5
7038 5
7039 5
7040 5
7041 5
7042 5
7043 5
7044 5
7045 5
7046 5
7047 5
7048 5
7049 5
7050 5
7051 5
7052 5
7053 5
7054 5
7055 5
7056 5
7057 6
7058 6
7059 6
7060 6
7061 6
7062 6
7063 6
7064 6
7065 6
7066 6
7067 6
7068 6
7069 6
7070 6
7071 6
7072 6
7073 6
7074 7
7075 6
7076 6
7077 6
7078 6
7079 6
7080 6
7081 6
7082 6
7083 6
7084 6
7085 6
7086 6
7087 6
7088 6
7089 6
7090 6
7091 6
7092 6
7093 6
7094 6
7095 6
7096 6
7097 6
7098 6
7099 6
7100 6
7101 6
7102 6
7103 6
7104 6
7105 6
7106 6
7107 6
7108 6
7109 6
7110 6
7111 6
7112 6
7113 6
7114 6
7115 6
7116 6
7117 6
7118 6
7119 6
7120 6
7121 6
7122 6
7123 6
7124 6
7125 6
7126 6
7127 6
7128 6
7129 6
7130 6
7131 6
7132 6
7133 6
7134 6
7135 6
7136 6
7137 6
7138 6
7139 6
7140 6
7141 6
7142 6
7143 6
7144 6
7145 6
7146 6
7147 6
7148 6
7149 6
7150 6
7151 6
7152 6
7153 6
7154 6
7155 6
7156 6
7157 6
7158 6
7159 6
7160 6
7161 6
7162 6
7163 6
7164 6
7165 6
7166 6
7167 6
7168 6
7169 6
7170 6
7171 6
7172 7
7173 7
7174 6
7175 6
7176 6
7177 6
7178 6
7179 6
7180 6
7181 6
7182 6
7183 6
7184 6
7185 6
7186 6
7187 6
7188 6
7189 6
7190 6
7191 6
7192 6
7193 6
7194 6
7195 6
7196 6
7197 6
7198 6
7199 6
7200 6
7201 6
7202 6
7203 6
7204 7
7205 7
7206 7
7207 7
7208 7
7209 7
7210 7
7211 7
7212 7
7213 7
7214 7
7215 7
7216 7
7217 7
7218 7
7219 7
7220 7
7221 7
7222 7
7223 7
7224 7
7225 7
7226 7
7227 7
7228 7
7229 7
7230 7
7231 7
7232 7
7233 7
7234 7
7235 7
7236 7
7237 7
7238 7
7239 7
7240 7
7241 7
7242 7
7243 7
7244 7
7245 7
7246 7
7247 7
7248 7
7249 7
7250 7
7251 7
7252 7
7253 7
7254 7
7255 7
7256 7
7257 7
7258 7
7259 7
7260 7
7261 7
7262 7
7263 7
7264 7
7265 7
7266 7
7267 7
7268 7
7269 7
7270 7
7271 7
7272 7
7273 7
7274 7
7275 7
7276 7
7277 7
7278 7
7279 7
7280 6
7281 7
7282 7
7283 7
7284 7
7285 7
7286 7
7287 7
7288 7
7289 7
7290 7
7291 7
7292 7
7293 7
7294 7
7295 7
7296 7
7297 7
7298 7
7299 7
7300 7
7301 7
7302 7
7303 7
7304 7
7305 6
7306 7
7307 7
7308 7
7309 7
7310 7
7311 7
7312 7
7313 7
7314 7
7315 7
7316 7
7317 7
7318 7
7319 7
7320 7
7321 7
7322 7
7323 7
7324 7
7325 7
7326 7
7327 7
7328 7
7329 7
7330 7
7331 7
7332 7
7333 7
7334 7
7335 7
7336 7
7337 7
7338 7
7339 7
7340 7
7341 7
7342 7
7343 7
7344 7
7345 7
7346 7
7347 7
7348 7
7349 7
7350 7
7351 5
7352 5
7353 5
7354 5
7355 5
7356 5
7357 5
7358 5
7359 5
7360 5
7361 5
7362 5
7363 5
7364 5
7365 5
7366 6
7367 6
7368 6
7369 6
7370 6
7371 6
7372 6
7373 6
7374 7
7375 7
7376 7
7377 7
7378 7
7379 7
7380 7
7381 7
7382 7
7383 7
7384 7
7385 7
7386 7
7387 7
7388 7
7389 7
7390 7
7391 7
7392 7
7393 7
7394 7
7395 7
7396 7
7397 7
7398 7
7399 7
7400 7
7401 7
7402 7
7403 7
7404 7
7405 7
7406 7
7407 7
7408 7
7409 7
7410 7
7411 7
7412 7
7413 7
7414 7
7415 7
7416 7
7417 7
7418 7
7419 7
7420 7
7421 7
7422 7
7423 7
7424 7
7425 7
7426 7
7427 7
7428 7
7429 7
7430 7
7431 7
7432 7
7433 7
7434 7
7435 7
7436 7
7437 7
7438 7
7439 7
7440 7
7441 7
7442 7
7443 7
7444 7
7445 7
7446 7
7447 7
7448 7
7449 7
7450 7
7451 7
7452 7
7453 7
7454 7
7455 7
7456 7
7457 7
7458 7
7459 7
7460 7
7461 7
7462 7
7463 7
7464 7
7465 7
7466 7
7467 7
7468 7
7469 7
7470 7
7471 7
7472 7
7473 7
7474 7
7475 7
7476 7
7477 7
7478 7
7479 7
7480 7
7481 7
7482 7
7483 7
7484 7
7485 7
7486 7
7487 7
7488 7
7489 7
7490 7
7491 7
7492 7
7493 7
7494 7
7495 7
7496 7
7497 7
7498 6
7499 6
7500 6
7501 6
7502 6
7503 6
7504 6
7505 6
7506 6
7507 6
7508 6
7509 6
7510 6
7511 6
7512 6
7513 6
7514 5
7515 5
7516 5
7517 5
7518 5
7519 5
7520 5
7521 5
7522 5
7523 5
7524 5
7525 5
7526 5
7527 5
7528 5
7529 5
7530 5
7531 5
7532 5
7533 5
7534 5
7535 5
7536 5
7537 5
7538 5
7539 5
7540 5
7541 5
7542 5
7543 5
7544 5
7545 5
7546 5
7547 5
7548 5
7549 5
7550 5
7551 5
7552 5
7553 5
7554 5
7555 5
7556 5
7557 5
7558 5
7559 5
7560 5
7561 5
7562 5
7563 5
7564 5
7565 5
7566 5
7567 5
7568 5
7569 5
7570 5
7571 5
7572 5
7573 5
7574 5
7575 5
7576 5
7577 5
7578 5
7579 5
7580 5
7581 5
7582 5
7583 5
7584 5
7585 5
7586 5
7587 5
7588 5
7589 5
7590 5
7591 5
7592 5
7593 5
7594 5
7595 5
7596 5
7597 5
7598 5
7599 5
7600 5
7601 5
7602 5
7603 5
7604 5
7605 5
7606 5
7607 5
7608 5
7609 5
7610 5
7611 5
7612 5
7613 5
7614 5
7615 5
7616 5
7617 5
7618 5
7619 5
7620 5
7621 5
7622 5
7623 5
7624 5
7625 5
7626 5
7627 5
7628 5
7629 5
7630 5
7631 5
7632 5
7633 5
7634 5
7635 5
7636 5
7637 5
7638 5
7639 5
7640 5
7641 5
7642 5
7643 5
7644 5
7645 5
7646 5
7647 5
7648 5
7649 5
7650 5
7651 5
7652 5
7653 5
7654 5
7655 5
7656 5
7657 5
7658 5
7659 5
7660 5
7661 5
7662 5
7663 5
7664 5
7665 5
7666 5
7667 5
7668 5
7669 5
7670 5
7671 5
7672 5
7673 5
7674 5
7675 5
7676 5
7677 5
7678 5
7679 5
7680 5
7681 5
7682 5
7683 5
7684 5
7685 5
7686 5
7687 5
7688 5
7689 5
7690 5
7691 5
7692 5
7693 5
7694 5
7695 5
7696 5
7697 5
7698 5
7699 5
7700 5
7701 5
7702 5
7703 5
7704 5
7705 5
7706 5
7707 5
7708 5
7709 5
7710 5
7711 5
7712 5
7713 5
7714 5
7715 5
7716 5
7717 5
7718 5
7719 5
7720 5
7721 5
7722 5
7723 5
7724 5
7725 5
7726 5
7727 5
7728 5
7729 5
7730 5
7731 5
7732 5
7733 5
7734 5
7735 5
7736 5
7737 5
7738 5
7739 5
7740 5
7741 5
7742 5
7743 5
7744 5
7745 5
7746 5
7747 5
7748 5
7749 5
7750 5
7751 5
7752 5
7753 5
7754 5
7755 5
7756 5
7757 5
7758 5
7759 5
7760 5
7761 5
7762 5
7763 5
7764 5
7765 5
7766 5
7767 5
7768 5
7769 5
7770 5
7771 5
7772 5
7773 5
7774 5
7775 5
7776 5
7777 5
7778 5
7779 5
7780 5
7781 5
7782 5
7783 5
7784 5
7785 5
7786 5
7787 5
7788 5
7789 5
7790 5
7791 5
7792 5
7793 5
7794 5
7795 5
7796 5
7797 5
7798 5
7799 5
7800 5
7801 5
7802 5
7803 5
7804 5
7805 5
7806 5
7807 5
7808 5
7809 5
7810 5
7811 5
7812 5
7813 5
7814 5
7815 5
7816 5
7817 5
7818 5
7819 5
7820 5
7821 5
7822 5
7823 5
7824 5
7825 5
7826 5
7827 5
7828 5
7829 5
7830 5
7831 5
7832 5
7833 5
7834 5
7835 5
7836 5
7837 5
7838 5
7839 5
7840 5
7841 5
7842 5
7843 5
7844 5
7845 5
7846 5
7847 5
7848 5
7849 5
7850 5
7851 5
7852 5
7853 5
7854 5
7855 5
7856 5
7857 5
7858 5
7859 5
7860 5
7861 5
7862 5
7863 5
7864 5
7865 5
7866 5
7867 5
7868 5
7869 5
7870 5
7871 5
7872 5
7873 5
7874 5
7875 5
7876 5
7877 5
7878 5
7879 5
7880 5
7881 5
7882 5
7883 5
7884 5
7885 5
7886 5
7887 5
7888 5
7889 5
7890 5
7891 5
7892 5
7893 5
7894 5
7895 5
7896 5
7897 5
7898 5
7899 5
7900 5
7901 5
7902 5
7903 5
7904 5
7905 5
7906 5
7907 5
7908 5
7909 5
7910 5
7911 5
7912 5
7913 5
7914 5
7915 5
7916 5
7917 5
7918 5
7919 5
7920 5
7921 5
7922 5
7923 5
7924 5
7925 5
7926 5
7927 5
7928 5
7929 5
7930 5
7931 5
7932 5
7933 5
7934 5
7935 5
7936 5
7937 5
7938 5
7939 2
7940 2
7941 2
7942 2
7943 2
7944 2
7945 2
7946 2
7947 2
7948 2
7949 2
7950 2
7951 2
7952 2
7953 2
7954 2
7955 2
7956 5
7957 5
7958 5
7959 5
7960 5
7961 5
7962 5
7963 5
7964 5
7965 5
7966 5
7967 5
7968 5
7969 5
7970 5
7971 5
7972 5
7973 5
7974 5
7975 5
7976 5
7977 5
7978 5
7979 5
7980 5
7981 5
7982 5
7983 5
7984 5
7985 5
7986 5
7987 5
7988 5
7989 5
7990 5
7991 5
7992 5
7993 5
7994 5
7995 5
7996 5
7997 5
7998 5
7999 5
8000 5
8001 5
8002 5
8003 5
8004 5
8005 5
8006 5
8007 5
8008 5
8009 5
8010 5
8011 5
8012 5
8013 5
8014 5
8015 5
8016 5
8017 5
8018 5
8019 5
8020 5
8021 5
8022 5
8023 5
8024 5
8025 5
8026 5
8027 5
8028 5
8029 5
8030 5
8031 5
8032 5
8033 5
8034 5
8035 5
8036 5
8037 5
8038 5
8039 5
8040 5
8041 5
8042 5
8043 5
8044 5
8045 5
8046 5
8047 5
8048 5
8049 5
8050 5
8051 5
8052 5
8053 5
8054 5
8055 5
8056 5
8057 5
8058 5
8059 5
8060 5
8061 5
8062 5
8063 5
8064 5
8065 5
8066 5
8067 5
8068 5
8069 5
8070 5
8071 5
8072 5
8073 5
8074 5
8075 5
8076 5
8077 5
8078 5
8079 5
8080 5
8081 5
8082 5
8083 5
8084 5
8085 5
8086 5
8087 5
8088 5
8089 5
8090 5
8091 5
8092 5
8093 5
8094 5
8095 5
8096 5
8097 5
8098 5
8099 5
8100 5
8101 5
8102 5
8103 5
8104 5
8105 5
8106 5
8107 5
8108 5
8109 5
8110 5
8111 5
8112 5
8113 5
8114 5
8115 5
8116 5
8117 5
8118 5
8119 5
8120 5
8121 5
8122 5
8123 5
8124 5
8125 5
8126 5
8127 5
8128 5
8129 5
8130 5
8131 5
8132 5
8133 5
8134 5
8135 5
8136 5
8137 5
8138 5
8139 5
8140 5
8141 5
8142 5
8143 5
8144 5
8145 5
8146 5
8147 5
8148 5
8149 5
8150 5
8151 5
8152 5
8153 5
8154 5
8155 5
8156 5
8157 5
8158 5
8159 5
8160 5
8161 5
8162 5
8163 5
8164 5
8165 5
8166 5
8167 5
8168 5
8169 5
8170 5
8171 5
8172 5
8173 5
8174 5
8175 5
8176 5
8177 5
8178 5
8179 5
8180 5
8181 5
8182 5
8183 5
8184 5
8185 5
8186 5
8187 5
8188 5
8189 5
8190 5
8191 5
8192 5
8193 5
8194 5
8195 5
8196 5
8197 5
8198 5
8199 5
8200 5
8201 5
8202 5
8203 5
8204 5
8205 5
8206 5
8207 5
8208 5
8209 5
8210 5
8211 5
8212 5
8213 5
8214 5
8215 5
8216 5
8217 5
8218 5
8219 5
8220 5
8221 5
8222 5
8223 5
8224 5
8225 5
8226 5
8227 5
8228 5
8229 5
8230 5
8231 5
8232 5
8233 5
8234 5
8235 5
8236 5
8237 5
8238 5
8239 5
8240 5
8241 2
8242 2
8243 2
8244 2
8245 2
8246 2
8247 2
8248 2
8249 2
8250 2
8251 2
8252 2
8253 2
8254 2
8255 2
8256 2
8257 2
8258 2
8259 2
8260 2
8261 2
8262 2
8263 2
8264 2
8265 2
8266 2
8267 2
8268 2
8269 2
8270 2
8271 2
8272 2
8273 2
8274 2
8275 2
8276 2
8277 2
8278 2
8279 2
8280 2
8281 2
8282 2
8283 2
8284 2
8285 2
8286 2
8287 2
8288 2
8289 2
8290 2
8291 2
8292 2
8293 2
8294 2
8295 2
8296 2
8297 2
8298 2
8299 2
8300 2
8301 2
8302 2
8303 2
8304 2
8305 2
8306 2
8307 2
8308 2
8309 2
8310 2
8311 2
8312 2
8313 2
8314 2
8315 2
8316 2
8317 2
8318 2
8319 2
8320 2
8321 2
8322 2
8323 2
8324 2
8325 2
8326 2
8327 2
8328 2
8329 2
8330 2
8331 2
8332 2
8333 2
8334 2
8335 2
8336 2
8337 2
8338 2
8339 2
8340 2
8341 2
8342 2
8343 2
8344 2
8345 2
8346 2
8347 2
8348 2
8349 2
8350 2
8351 2
8352 2
8353 2
8354 2
8355 2
8356 2
8357 2
8358 2
8359 2
8360 2
8361 2
8362 2
8363 2
8364 2
8365 2
8366 2
8367 2
8368 2
8369 2
8370 2
8371 2
8372 2
8373 2
8374 2
8375 2
8376 2
8377 2
8378 2
8379 2
8380 2
8381 2
8382 2
8383 2
8384 2
8385 2
8386 2
8387 2
8388 2
8389 2
8390 2
8391 2
8392 2
8393 2
8394 2
8395 2
8396 2
8397 2
8398 2
8399 2
8400 2
8401 2
8402 2
8403 2
8404 2
8405 2
8406 2
8407 2
8408 2
8409 2
8410 2
8411 2
8412 2
8413 2
8414 2
8415 2
8416 2
8417 2
8418 2
8419 2
8420 2
8421 2
8422 2
8423 2
8424 2
8425 2
8426 2
8427 2
8428 2
8429 2
8430 2
8431 2
8432 2
8433 2
8434 2
8435 2
8436 2
8437 2
8438 2
8439 2
8440 2
8441 2
8442 2
8443 2
8444 2
8445 2
8446 2
8447 2
8448 2
8449 2
8450 2
8451 2
8452 2
8453 2
8454 2
8455 2
8456 2
8457 2
8458 2
8459 2
8460 2
8461 2
8462 2
8463 2
8464 2
8465 2
8466 2
8467 2
8468 2
8469 2
8470 2
8471 2
8472 2
8473 2
8474 2
8475 2
8476 2
8477 2
8478 2
8479 2
8480 2
8481 2
8482 2
8483 2
8484 2
8485 2
8486 2
8487 2
8488 2
8489 2
8490 2
8491 2
8492 2
8493 2
8494 2
8495 2
8496 2
8497 2
8498 2
8499 2
8500 2
8501 2
8502 2
8503 2
8504 2
8505 2
8506 2
8507 2
8508 2
8509 2
8510 2
8511 2
8512 2
8513 2
8514 2
8515 2
8516 2
8517 2
8518 2
8519 2
8520 2
8521 2
8522 2
8523 2
8524 2
8525 2
8526 2
8527 2
8528 2
8529 2
8530 2
8531 2
8532 2
8533 2
8534 2
8535 2
8536 2
8537 2
8538 2
8539 2
8540 2
8541 2
8542 2
8543 2
8544 2
8545 2
8546 2
8547 2
8548 2
8549 2
8550 2
8551 2
8552 2
8553 2
8554 2
8555 2
8556 2
8557 2
8558 2
8559 2
8560 2
8561 2
8562 2
8563 2
8564 2
8565 2
8566 2
8567 2
8568 2
8569 2
8570 2
8571 2
8572 2
8573 2
8574 2
8575 2
8576 2
8577 2
8578 2
8579 2
8580 2
8581 2
8582 2
8583 2
8584 2
8585 2
8586 2
8587 2
8588 2
8589 2
8590 2
8591 2
8592 2
8593 2
8594 2
8595 2
8596 2
8597 2
8598 2
8599 2
8600 2
8601 2
8602 2
8603 2
8604 2
8605 2
8606 2
8607 2
8608 2
8609 2
8610 2
8611 2
8612 2
8613 2
8614 2
8615 2
8616 2
8617 2
8618 2
8619 2
8620 2
8621 2
8622 2
8623 2
8624 2
8625 2
8626 2
8627 2
8628 2
8629 2
8630 2
8631 2
8632 2
8633 2
8634 2
8635 2
8636 2
8637 2
8638 2
8639 2
8640 2
8641 2
8642 2
8643 2
8644 2
8645 2
8646 2
8647 2
8648 2
8649 2
8650 2
8651 2
8652 2
8653 2
8654 2
8655 2
8656 2
8657 2
8658 2
8659 2
8660 2
8661 2
8662 2
8663 2
8664 2
8665 2
8666 2
8667 2
8668 2
8669 2
8670 2
8671 2
8672 2
8673 2
8674 2
8675 2
8676 2
8677 2
8678 2
8679 2
8680 2
8681 2
8682 2
8683 2
8684 2
8685 2
8686 2
8687 2
8688 2
8689 2
8690 2
8691 2
8692 2
8693 2
8694 2
8695 2
8696 2
8697 2
8698 2
8699 2
8700 2
8701 2
8702 2
8703 2
8704 2
8705 2
8706 2
8707 2
8708 2
8709 2
8710 2
8711 2
8712 2
8713 2
8714 2
8715 2
8716 2
8717 2
8718 2
8719 2
8720 2
8721 2
8722 2
8723 2
8724 2
8725 2
8726 2
8727 2
8728 2
8729 2
8730 2
8731 2
8732 2
8733 2
8734 2
8735 2
8736 2
8737 2
8738 2
8739 2
8740 2
8741 2
8742 2
8743 2
8744 2
8745 2
8746 2
8747 5
8748 5
8749 5
8750 5
8751 5
8752 5
8753 5
8754 5
8755 2
8756 2
8757 2
8758 2
8759 2
8760 2
8761 2
8762 2
8763 2
8764 2
8765 2
8766 2
8767 2
8768 2
8769 2
8770 2
8771 2
8772 2
8773 5
8774 5
8775 5
8776 5
8777 5
8778 5
8779 5
8780 2
8781 2
8782 2
8783 2
8784 2
8785 2
8786 2
8787 2
8788 2
8789 2
8790 2
8791 2
8792 2
8793 2
8794 2
8795 2
8796 2
8797 2
8798 2
8799 2
8800 2
8801 2
8802 2
8803 2
8804 2
8805 2
8806 2
8807 2
8808 2
8809 2
8810 2
8811 2
8812 2
8813 2
8814 2
8815 2
8816 2
8817 2
8818 2
8819 2
8820 2
